 79    0 
 80    0 
 81    0 
 82    0 
 83    0 
 84    0 
 85    0 
 86    0 
 87    0 
 88    0 
 89    0 
 90    0 
 91    0 
 92    0 
 93    0 
 94    0 
 95    0 
 96    0 
 97    0 
 78    1 
 79    1 
 97    1 
 98    1 
 77    2 
 78    2 
 98    2 
 99    2 
100    2 
166    2 
167    2 
 77    3 
100    3 
101    3 
122    3 
123    3 
124    3 
125    3 
165    3 
166    3 
167    3 
168    3 
169    3 
170    3 
171    3 
172    3 
173    3 
174    3 
 76    4 
 77    4 
101    4 
121    4 
122    4 
125    4 
126    4 
127    4 
128    4 
129    4 
130    4 
164    4 
165    4 
174    4 
175    4 
176    4 
 75    5 
 76    5 
101    5 
102    5 
120    5 
121    5 
130    5 
131    5 
132    5 
163    5 
164    5 
176    5 
177    5 
 75    6 
102    6 
103    6 
120    6 
132    6 
162    6 
163    6 
177    6 
178    6 
 75    7 
103    7 
119    7 
120    7 
132    7 
133    7 
161    7 
162    7 
178    7 
179    7 
180    7 
 74    8 
 75    8 
103    8 
118    8 
119    8 
133    8 
160    8 
161    8 
180    8 
181    8 
 74    9 
103    9 
104    9 
118    9 
133    9 
134    9 
160    9 
181    9 
182    9 
 74   10 
104   10 
118   10 
134   10 
159   10 
160   10 
182   10 
183   10 
 74   11 
104   11 
118   11 
134   11 
135   11 
158   11 
159   11 
183   11 
184   11 
 73   12 
 74   12 
104   12 
118   12 
135   12 
136   12 
137   12 
158   12 
184   12 
185   12 
 73   13 
104   13 
118   13 
137   13 
138   13 
139   13 
140   13 
141   13 
142   13 
158   13 
185   13 
186   13 
 73   14 
104   14 
118   14 
142   14 
143   14 
144   14 
145   14 
146   14 
157   14 
158   14 
186   14 
 74   15 
104   15 
119   15 
119   15 
146   15 
147   15 
148   15 
157   15 
186   15 
187   15 
 74   16 
104   16 
120   16 
120   16 
148   16 
149   16 
157   16 
187   16 
188   16 
 74   17 
104   17 
121   17 
121   17 
149   17 
150   17 
151   17 
157   17 
188   17 
 74   18 
 74   18 
103   18 
122   18 
122   18 
151   18 
152   18 
153   18 
154   18 
155   18 
156   18 
157   18 
188   18 
 75   19 
103   19 
123   19 
123   19 
188   19 
189   19 
 75   20 
103   20 
103   20 
124   20 
124   20 
189   20 
 75   21 
 75   21 
102   21 
125   21 
125   21 
189   21 
 76   22 
 76   22 
102   22 
102   22 
126   22 
189   22 
 77   23 
101   23 
101   23 
126   23 
189   23 
190   23 
 77   24 
 77   24 
100   24 
100   24 
126   24 
190   24 
191   24 
233   24 
234   24 
235   24 
236   24 
237   24 
238   24 
239   24 
 78   25 
 78   25 
 99   25 
 99   25 
126   25 
191   25 
192   25 
232   25 
233   25 
239   25 
240   25 
 79   26 
 79   26 
 98   26 
 98   26 
126   26 
192   26 
193   26 
231   26 
232   26 
240   26 
241   26 
242   26 
270   26 
271   26 
272   26 
273   26 
274   26 
275   26 
276   26 
277   26 
278   26 
279   26 
280   26 
 80   27 
 80   27 
 81   27 
 97   27 
 97   27 
126   27 
193   27 
194   27 
230   27 
231   27 
242   27 
268   27 
269   27 
270   27 
280   27 
281   27 
282   27 
 82   28 
 82   28 
 83   28 
 95   28 
 96   28 
 96   28 
126   28 
194   28 
195   28 
229   28 
230   28 
242   28 
243   28 
267   28 
268   28 
282   28 
283   28 
 84   29 
 84   29 
 85   29 
 86   29 
 91   29 
 92   29 
 93   29 
 94   29 
 94   29 
126   29 
195   29 
196   29 
227   29 
228   29 
229   29 
243   29 
244   29 
266   29 
267   29 
283   29 
284   29 
285   29 
 87   30 
 87   30 
 88   30 
 89   30 
 90   30 
 90   30 
126   30 
196   30 
197   30 
198   30 
199   30 
200   30 
201   30 
202   30 
203   30 
204   30 
227   30 
244   30 
265   30 
266   30 
285   30 
286   30 
287   30 
126   31 
204   31 
205   31 
228   31 
244   31 
245   31 
263   31 
264   31 
265   31 
287   31 
288   31 
126   32 
205   32 
206   32 
228   32 
245   32 
262   32 
263   32 
288   32 
289   32 
290   32 
126   33 
206   33 
228   33 
245   33 
246   33 
261   33 
262   33 
290   33 
126   34 
206   34 
207   34 
228   34 
246   34 
247   34 
259   34 
260   34 
261   34 
290   34 
126   35 
126   35 
207   35 
228   35 
247   35 
248   35 
258   35 
259   35 
290   35 
127   36 
207   36 
208   36 
228   36 
248   36 
249   36 
255   36 
256   36 
257   36 
258   36 
290   36 
127   37 
127   37 
208   37 
209   37 
228   37 
249   37 
250   37 
251   37 
252   37 
253   37 
254   37 
255   37 
290   37 
128   38 
209   38 
228   38 
290   38 
128   39 
128   39 
209   39 
210   39 
228   39 
290   39 
129   40 
210   40 
228   40 
290   40 
129   41 
129   41 
210   41 
211   41 
214   41 
215   41 
216   41 
217   41 
218   41 
219   41 
220   41 
221   41 
222   41 
228   41 
290   41 
291   41 
130   42 
130   42 
131   42 
211   42 
212   42 
213   42 
214   42 
222   42 
223   42 
224   42 
225   42 
226   42 
227   42 
291   42 
292   42 
293   42 
132   43 
132   43 
133   43 
293   43 
294   43 
295   43 
134   44 
134   44 
135   44 
295   44 
296   44 
136   45 
136   45 
296   45 
297   45 
298   45 
137   46 
137   46 
138   46 
298   46 
299   46 
139   47 
139   47 
140   47 
299   47 
141   48 
141   48 
142   48 
143   48 
299   48 
144   49 
144   49 
145   49 
146   49 
299   49 
300   49 
147   50 
147   50 
148   50 
300   50 
149   51 
149   51 
150   51 
151   51 
152   51 
153   51 
300   51 
301   51 
154   52 
154   52 
155   52 
156   52 
157   52 
301   52 
158   53 
158   53 
159   53 
301   53 
160   54 
160   54 
301   54 
161   55 
161   55 
301   55 
162   56 
162   56 
301   56 
302   56 
163   57 
163   57 
302   57 
164   58 
164   58 
302   58 
165   59 
165   59 
302   59 
303   59 
364   59 
365   59 
366   59 
367   59 
368   59 
369   59 
166   60 
303   60 
363   60 
364   60 
369   60 
370   60 
371   60 
166   61 
166   61 
303   61 
362   61 
363   61 
371   61 
372   61 
167   62 
167   62 
303   62 
361   62 
362   62 
372   62 
168   63 
168   63 
303   63 
360   63 
361   63 
372   63 
373   63 
169   64 
303   64 
359   64 
360   64 
373   64 
374   64 
169   65 
169   65 
303   65 
358   65 
359   65 
374   65 
170   66 
170   66 
303   66 
358   66 
374   66 
375   66 
376   66 
444   66 
444   66 
171   67 
171   67 
303   67 
358   67 
376   67 
377   67 
443   67 
444   67 
445   67 
446   67 
447   67 
448   67 
449   67 
450   67 
451   67 
172   68 
172   68 
303   68 
358   68 
377   68 
400   68 
401   68 
402   68 
403   68 
404   68 
405   68 
406   68 
407   68 
442   68 
443   68 
451   68 
452   68 
453   68 
454   68 
455   68 
456   68 
173   69 
303   69 
358   69 
377   69 
378   69 
388   69 
389   69 
390   69 
391   69 
392   69 
393   69 
394   69 
395   69 
396   69 
397   69 
398   69 
399   69 
400   69 
407   69 
408   69 
441   69 
442   69 
456   69 
457   69 
173   70 
173   70 
303   70 
304   70 
358   70 
378   70 
379   70 
380   70 
381   70 
382   70 
383   70 
384   70 
385   70 
386   70 
387   70 
388   70 
408   70 
440   70 
441   70 
457   70 
458   70 
459   70 
174   71 
304   71 
305   71 
358   71 
408   71 
409   71 
439   71 
440   71 
459   71 
460   71 
174   72 
174   72 
305   72 
306   72 
307   72 
356   72 
357   72 
358   72 
409   72 
410   72 
438   72 
439   72 
460   72 
461   72 
175   73 
307   73 
308   73 
355   73 
356   73 
410   73 
437   73 
438   73 
461   73 
462   73 
463   73 
175   74 
308   74 
309   74 
310   74 
353   74 
354   74 
355   74 
410   74 
411   74 
433   74 
434   74 
435   74 
436   74 
437   74 
463   74 
464   74 
175   75 
175   75 
310   75 
311   75 
352   75 
353   75 
411   75 
429   75 
430   75 
431   75 
432   75 
433   75 
464   75 
465   75 
176   76 
311   76 
312   76 
313   76 
351   76 
352   76 
411   76 
427   76 
428   76 
429   76 
465   76 
466   76 
176   77 
313   77 
314   77 
349   77 
350   77 
351   77 
411   77 
412   77 
426   77 
427   77 
466   77 
467   77 
176   78 
176   78 
314   78 
315   78 
316   78 
317   78 
318   78 
348   78 
349   78 
412   78 
424   78 
425   78 
426   78 
467   78 
468   78 
177   79 
318   79 
319   79 
320   79 
321   79 
322   79 
323   79 
324   79 
325   79 
347   79 
348   79 
412   79 
423   79 
424   79 
468   79 
469   79 
177   80 
325   80 
326   80 
327   80 
328   80 
329   80 
344   80 
345   80 
346   80 
347   80 
412   80 
413   80 
421   80 
422   80 
423   80 
469   80 
470   80 
177   81 
177   81 
329   81 
330   81 
331   81 
332   81 
333   81 
334   81 
341   81 
342   81 
343   81 
344   81 
413   81 
414   81 
415   81 
416   81 
417   81 
418   81 
419   81 
420   81 
421   81 
470   81 
471   81 
178   82 
178   82 
334   82 
335   82 
336   82 
337   82 
338   82 
339   82 
340   82 
341   82 
471   82 
472   82 
179   83 
179   83 
472   83 
473   83 
474   83 
180   84 
180   84 
181   84 
474   84 
475   84 
476   84 
477   84 
478   84 
479   84 
480   84 
481   84 
482   84 
483   84 
484   84 
485   84 
486   84 
487   84 
488   84 
182   85 
182   85 
183   85 
488   85 
489   85 
184   86 
184   86 
489   86 
490   86 
491   86 
548   86 
549   86 
185   87 
185   87 
186   87 
491   87 
492   87 
546   87 
547   87 
548   87 
549   87 
550   87 
551   87 
552   87 
553   87 
554   87 
555   87 
556   87 
557   87 
558   87 
559   87 
560   87 
561   87 
562   87 
563   87 
187   88 
187   88 
188   88 
492   88 
544   88 
545   88 
546   88 
563   88 
189   89 
189   89 
190   89 
492   89 
493   89 
541   89 
542   89 
543   89 
544   89 
563   89 
564   89 
191   90 
191   90 
192   90 
493   90 
494   90 
495   90 
496   90 
539   90 
540   90 
541   90 
564   90 
565   90 
193   91 
193   91 
496   91 
497   91 
498   91 
499   91 
537   91 
538   91 
539   91 
565   91 
566   91 
194   92 
194   92 
195   92 
499   92 
500   92 
501   92 
502   92 
503   92 
535   92 
536   92 
537   92 
566   92 
567   92 
196   93 
196   93 
197   93 
503   93 
504   93 
505   93 
506   93 
507   93 
508   93 
509   93 
510   93 
530   93 
531   93 
532   93 
533   93 
534   93 
535   93 
567   93 
568   93 
198   94 
198   94 
510   94 
511   94 
512   94 
513   94 
514   94 
515   94 
516   94 
517   94 
518   94 
519   94 
520   94 
521   94 
522   94 
523   94 
524   94 
525   94 
526   94 
527   94 
528   94 
529   94 
530   94 
568   94 
569   94 
199   95 
199   95 
569   95 
570   95 
200   96 
200   96 
570   96 
571   96 
572   96 
201   97 
201   97 
572   97 
573   97 
574   97 
575   97 
202   98 
202   98 
575   98 
576   98 
577   98 
203   99 
203   99 
577   99 
578   99 
579   99 
580   99 
204  100 
204  100 
580  100 
581  100 
582  100 
205  101 
205  101 
582  101 
583  101 
584  101 
206  102 
206  102 
584  102 
585  102 
586  102 
207  103 
207  103 
586  103 
587  103 
588  103 
589  103 
208  104 
208  104 
589  104 
590  104 
591  104 
209  105 
209  105 
591  105 
592  105 
210  106 
592  106 
593  106 
210  107 
593  107 
594  107 
595  107 
596  107 
597  107 
598  107 
599  107 
600  107 
601  107 
602  107 
603  107 
604  107 
605  107 
606  107 
607  107 
210  108 
607  108 
608  108 
609  108 
610  108 
210  109 
610  109 
611  109 
612  109 
613  109 
210  110 
210  110 
613  110 
614  110 
615  110 
211  111 
615  111 
616  111 
211  112 
616  112 
211  113 
616  113 
211  114 
616  114 
211  115 
616  115 
211  116 
616  116 
211  117 
211  117 
616  117 
212  118 
616  118 
212  119 
616  119 
617  119 
212  120 
617  120 
212  121 
617  121 
212  122 
617  122 
212  123 
617  123 
212  124 
617  124 
212  125 
212  125 
617  125 
618  125 
619  125 
620  125 
213  126 
620  126 
621  126 
622  126 
213  127 
622  127 
623  127 
624  127 
625  127 
213  128 
213  128 
625  128 
626  128 
627  128 
628  128 
214  129 
628  129 
629  129 
630  129 
631  129 
214  130 
214  130 
631  130 
632  130 
633  130 
634  130 
215  131 
634  131 
635  131 
636  131 
215  132 
636  132 
215  133 
636  133 
637  133 
208  134 
209  134 
210  134 
211  134 
212  134 
213  134 
214  134 
637  134 
638  134 
207  135 
208  135 
638  135 
639  135 
206  136 
207  136 
225  136 
226  136 
227  136 
228  136 
229  136 
639  136 
640  136 
206  137 
224  137 
224  137 
230  137 
230  137 
231  137 
232  137 
640  137 
641  137 
205  138 
206  138 
223  138 
233  138 
233  138 
641  138 
642  138 
205  139 
223  139 
234  139 
642  139 
643  139 
204  140 
205  140 
223  140 
234  140 
643  140 
644  140 
204  141 
223  141 
223  141 
234  141 
234  141 
644  141 
645  141 
204  142 
222  142 
235  142 
645  142 
646  142 
204  143 
222  143 
235  143 
235  143 
646  143 
204  144 
222  144 
236  144 
646  144 
204  145 
222  145 
236  145 
646  145 
204  146 
222  146 
222  146 
236  146 
236  146 
646  146 
204  147 
221  147 
237  147 
646  147 
204  148 
221  148 
237  148 
646  148 
647  148 
204  149 
221  149 
237  149 
237  149 
647  149 
204  150 
221  150 
238  150 
647  150 
204  151 
221  151 
221  151 
238  151 
647  151 
204  152 
220  152 
238  152 
238  152 
647  152 
205  153 
205  153 
220  153 
239  153 
647  153 
648  153 
206  154 
206  154 
220  154 
239  154 
239  154 
648  154 
207  155 
207  155 
220  155 
220  155 
240  155 
240  155 
241  155 
242  155 
243  155 
648  155 
208  156 
208  156 
209  156 
210  156 
211  156 
212  156 
213  156 
214  156 
215  156 
216  156 
217  156 
218  156 
219  156 
219  156 
244  156 
244  156 
245  156 
246  156 
247  156 
248  156 
249  156 
250  156 
251  156 
252  156 
253  156 
254  156 
255  156 
256  156 
257  156 
258  156 
259  156 
260  156 
261  156 
262  156 
263  156 
648  156 
264  157 
264  157 
265  157 
266  157 
267  157 
268  157 
269  157 
270  157 
271  157 
272  157 
273  157 
274  157 
275  157 
276  157 
277  157 
278  157 
279  157 
280  157 
281  157 
282  157 
283  157 
284  157 
648  157 
285  158 
285  158 
286  158 
648  158 
287  159 
648  159 
287  160 
648  160 
286  161 
648  161 
285  162 
286  162 
648  162 
284  163 
285  163 
647  163 
283  164 
284  164 
647  164 
282  165 
283  165 
647  165 
281  166 
282  166 
647  166 
280  167 
281  167 
647  167 
647  167 
279  168 
280  168 
646  168 
278  169 
279  169 
646  169 
277  170 
278  170 
646  170 
276  171 
277  171 
646  171 
646  171 
275  172 
276  172 
645  172 
274  173 
275  173 
645  173 
273  174 
274  174 
645  174 
272  175 
273  175 
645  175 
242  176 
243  176 
244  176 
245  176 
246  176 
247  176 
248  176 
249  176 
250  176 
251  176 
252  176 
253  176 
271  176 
272  176 
645  176 
645  176 
239  177 
240  177 
241  177 
242  177 
253  177 
254  177 
255  177 
256  177 
257  177 
258  177 
259  177 
270  177 
271  177 
611  177 
612  177 
613  177 
614  177 
615  177 
616  177 
643  177 
644  177 
644  177 
236  178 
237  178 
238  178 
239  178 
259  178 
260  178 
261  178 
262  178 
263  178 
269  178 
270  178 
610  178 
610  178 
617  178 
617  178 
618  178 
619  178 
620  178 
621  178 
622  178 
623  178 
640  178 
641  178 
642  178 
642  178 
235  179 
236  179 
263  179 
264  179 
265  179 
266  179 
267  179 
268  179 
269  179 
609  179 
609  179 
624  179 
624  179 
625  179 
626  179 
627  179 
628  179 
629  179 
630  179 
637  179 
638  179 
639  179 
639  179 
234  180 
235  180 
607  180 
608  180 
608  180 
631  180 
631  180 
632  180 
633  180 
634  180 
635  180 
636  180 
636  180 
233  181 
234  181 
606  181 
232  182 
233  182 
606  182 
194  183 
194  183 
231  183 
232  183 
606  183 
190  184 
191  184 
192  184 
193  184 
194  184 
195  184 
196  184 
197  184 
198  184 
230  184 
231  184 
606  184 
188  185 
189  185 
190  185 
198  185 
199  185 
200  185 
201  185 
202  185 
230  185 
607  185 
186  186 
187  186 
188  186 
202  186 
203  186 
229  186 
230  186 
607  186 
608  186 
185  187 
186  187 
203  187 
204  187 
205  187 
210  187 
211  187 
212  187 
213  187 
214  187 
215  187 
229  187 
608  187 
184  188 
185  188 
205  188 
206  188 
207  188 
208  188 
209  188 
210  188 
215  188 
216  188 
217  188 
218  188 
219  188 
229  188 
608  188 
609  188 
183  189 
184  189 
219  189 
229  189 
609  189 
610  189 
182  190 
183  190 
219  190 
220  190 
229  190 
610  190 
611  190 
181  191 
182  191 
220  191 
229  191 
611  191 
179  192 
180  192 
181  192 
220  192 
221  192 
229  192 
611  192 
612  192 
178  193 
179  193 
221  193 
229  193 
612  193 
175  194 
176  194 
177  194 
178  194 
221  194 
222  194 
230  194 
612  194 
171  195 
172  195 
173  195 
174  195 
175  195 
222  195 
230  195 
612  195 
168  196 
169  196 
170  196 
171  196 
222  196 
223  196 
230  196 
612  196 
167  197 
168  197 
223  197 
224  197 
228  197 
229  197 
612  197 
167  198 
224  198 
225  198 
226  198 
227  198 
228  198 
612  198 
166  199 
167  199 
612  199 
165  200 
166  200 
612  200 
165  201 
612  201 
164  202 
165  202 
612  202 
163  203 
164  203 
612  203 
613  203 
163  204 
613  204 
614  204 
615  204 
162  205 
163  205 
615  205 
616  205 
617  205 
161  206 
162  206 
617  206 
618  206 
619  206 
162  207 
619  207 
620  207 
621  207 
162  208 
621  208 
622  208 
623  208 
162  209 
623  209 
624  209 
625  209 
162  210 
162  210 
625  210 
626  210 
627  210 
163  211 
627  211 
628  211 
163  212 
628  212 
163  213 
628  213 
629  213 
163  214 
629  214 
630  214 
163  215 
630  215 
163  216 
630  216 
631  216 
163  217 
631  217 
632  217 
162  218 
632  218 
633  218 
161  219 
162  219 
633  219 
161  220 
633  220 
161  221 
633  221 
634  221 
161  222 
634  222 
161  223 
634  223 
161  224 
634  224 
161  225 
634  225 
635  225 
161  226 
635  226 
161  227 
635  227 
636  227 
161  228 
636  228 
637  228 
161  229 
637  229 
638  229 
162  230 
162  230 
638  230 
639  230 
163  231 
639  231 
640  231 
163  232 
163  232 
640  232 
641  232 
164  233 
641  233 
164  234 
164  234 
641  234 
642  234 
165  235 
165  235 
166  235 
642  235 
643  235 
167  236 
167  236 
168  236 
169  236 
643  236 
644  236 
170  237 
170  237 
171  237 
644  237 
645  237 
172  238 
172  238 
173  238 
645  238 
646  238 
174  239 
174  239 
175  239 
646  239 
647  239 
176  240 
176  240 
647  240 
648  240 
177  241 
177  241 
178  241 
648  241 
649  241 
179  242 
179  242 
649  242 
650  242 
180  243 
180  243 
650  243 
651  243 
181  244 
181  244 
651  244 
652  244 
182  245 
182  245 
652  245 
653  245 
183  246 
183  246 
653  246 
184  247 
653  247 
184  248 
184  248 
653  248 
185  249 
185  249 
186  249 
187  249 
188  249 
653  249 
189  250 
189  250 
190  250 
191  250 
192  250 
193  250 
194  250 
195  250 
196  250 
197  250 
198  250 
653  250 
654  250 
199  251 
199  251 
200  251 
654  251 
201  252 
201  252 
202  252 
654  252 
203  253 
203  253 
204  253 
654  253 
205  254 
205  254 
654  254 
206  255 
206  255 
654  255 
207  256 
207  256 
654  256 
655  256 
208  257 
208  257 
655  257 
209  258 
209  258 
655  258 
210  259 
210  259 
655  259 
211  260 
211  260 
655  260 
212  261 
212  261 
213  261 
214  261 
215  261 
216  261 
217  261 
655  261 
218  262 
218  262 
219  262 
220  262 
221  262 
222  262 
223  262 
224  262 
225  262 
655  262 
226  263 
226  263 
227  263 
655  263 
228  264 
228  264 
655  264 
656  264 
229  265 
229  265 
656  265 
230  266 
230  266 
656  266 
231  267 
231  267 
656  267 
232  268 
232  268 
233  268 
656  268 
234  269 
234  269 
235  269 
236  269 
656  269 
657  269 
237  270 
237  270 
238  270 
239  270 
657  270 
240  271 
240  271 
657  271 
658  271 
241  272 
241  272 
658  272 
242  273 
242  273 
658  273 
659  273 
243  274 
659  274 
243  275 
243  275 
659  275 
244  276 
659  276 
660  276 
244  277 
244  277 
660  277 
245  278 
245  278 
660  278 
661  278 
246  279 
661  279 
246  280 
246  280 
661  280 
247  281 
661  281 
247  282 
247  282 
661  282 
248  283 
661  283 
662  283 
248  284 
662  284 
248  285 
248  285 
662  285 
249  286 
662  286 
249  287 
662  287 
249  288 
249  288 
662  288 
663  288 
250  289 
663  289 
250  290 
663  290 
250  291 
663  291 
250  292 
663  292 
250  293 
663  293 
249  294 
663  294 
249  295 
663  295 
249  296 
663  296 
248  297 
249  297 
663  297 
248  298 
663  298 
248  299 
663  299 
247  300 
248  300 
663  300 
247  301 
663  301 
247  302 
663  302 
247  303 
663  303 
247  304 
663  304 
247  305 
663  305 
247  306 
663  306 
247  307 
662  307 
247  308 
662  308 
248  309 
662  309 
662  309 
248  310 
661  310 
206  311 
207  311 
208  311 
209  311 
210  311 
211  311 
248  311 
661  311 
205  312 
206  312 
211  312 
212  312 
213  312 
214  312 
248  312 
661  312 
204  313 
205  313 
214  313 
215  313 
216  313 
225  313 
226  313 
227  313 
228  313 
229  313 
230  313 
231  313 
248  313 
661  313 
661  313 
202  314 
203  314 
204  314 
216  314 
217  314 
218  314 
224  314 
225  314 
231  314 
232  314 
233  314 
248  314 
660  314 
201  315 
202  315 
218  315 
219  315 
220  315 
223  315 
224  315 
233  315 
234  315 
235  315 
248  315 
660  315 
201  316 
220  316 
221  316 
222  316 
223  316 
235  316 
236  316 
248  316 
660  316 
660  316 
201  317 
236  317 
237  317 
248  317 
659  317 
201  318 
237  318 
248  318 
659  318 
201  319 
237  319 
238  319 
247  319 
659  319 
201  320 
238  320 
247  320 
659  320 
659  320 
201  321 
238  321 
239  321 
247  321 
658  321 
201  322 
239  322 
240  322 
247  322 
658  322 
658  322 
202  323 
240  323 
246  323 
247  323 
657  323 
657  323 
202  324 
240  324 
241  324 
245  324 
246  324 
656  324 
202  325 
241  325 
245  325 
656  325 
656  325 
202  326 
202  326 
241  326 
242  326 
243  326 
244  326 
245  326 
655  326 
655  326 
203  327 
203  327 
654  327 
654  327 
204  328 
653  328 
653  328 
204  329 
204  329 
652  329 
205  330 
652  330 
652  330 
205  331 
205  331 
651  331 
651  331 
206  332 
650  332 
650  332 
206  333 
206  333 
649  333 
649  333 
207  334 
648  334 
648  334 
207  335 
207  335 
647  335 
647  335 
208  336 
646  336 
646  336 
208  337 
208  337 
644  337 
645  337 
645  337 
209  338 
209  338 
643  338 
643  338 
210  339 
210  339 
642  339 
642  339 
211  340 
211  340 
641  340 
641  340 
212  341 
212  341 
640  341 
640  341 
213  342 
213  342 
639  342 
639  342 
214  343 
214  343 
637  343 
638  343 
638  343 
215  344 
215  344 
635  344 
636  344 
636  344 
216  345 
216  345 
633  345 
634  345 
634  345 
217  346 
217  346 
632  346 
632  346 
218  347 
218  347 
630  347 
631  347 
631  347 
219  348 
219  348 
628  348 
629  348 
629  348 
220  349 
220  349 
626  349 
627  349 
627  349 
221  350 
221  350 
624  350 
625  350 
625  350 
222  351 
222  351 
223  351 
621  351 
622  351 
623  351 
623  351 
224  352 
224  352 
615  352 
616  352 
617  352 
618  352 
619  352 
620  352 
620  352 
225  353 
225  353 
610  353 
611  353 
612  353 
613  353 
614  353 
614  353 
226  354 
226  354 
567  354 
568  354 
569  354 
570  354 
571  354 
572  354 
604  354 
605  354 
606  354 
607  354 
608  354 
609  354 
609  354 
227  355 
227  355 
228  355 
229  355 
566  355 
573  355 
573  355 
574  355 
575  355 
576  355 
577  355 
578  355 
579  355 
580  355 
581  355 
582  355 
583  355 
584  355 
585  355 
586  355 
587  355 
588  355 
589  355 
590  355 
591  355 
592  355 
593  355 
594  355 
595  355 
596  355 
597  355 
598  355 
599  355 
600  355 
601  355 
602  355 
603  355 
603  355 
230  356 
566  356 
566  356 
230  357 
565  357 
230  358 
565  358 
229  359 
565  359 
228  360 
229  360 
565  360 
227  361 
228  361 
565  361 
226  362 
227  362 
565  362 
225  363 
226  363 
565  363 
224  364 
225  364 
565  364 
223  365 
224  365 
565  365 
222  366 
223  366 
565  366 
221  367 
222  367 
565  367 
565  367 
220  368 
221  368 
564  368 
219  369 
220  369 
564  369 
218  370 
219  370 
564  370 
218  371 
564  371 
217  372 
218  372 
564  372 
216  373 
217  373 
564  373 
215  374 
216  374 
564  374 
214  375 
215  375 
564  375 
213  376 
214  376 
564  376 
213  377 
564  377 
564  377 
212  378 
213  378 
563  378 
212  379 
563  379 
563  379 
211  380 
212  380 
562  380 
211  381 
562  381 
562  381 
211  382 
561  382 
211  383 
561  383 
561  383 
211  384 
560  384 
211  385 
560  385 
560  385 
211  386 
559  386 
211  387 
559  387 
559  387 
211  388 
290  388 
291  388 
292  388 
293  388 
558  388 
211  389 
212  389 
288  389 
289  389 
289  389 
294  389 
294  389 
295  389 
296  389 
558  389 
558  389 
213  390 
213  390 
214  390 
286  390 
287  390 
287  390 
297  390 
297  390 
557  390 
215  391 
215  391 
285  391 
285  391 
298  391 
298  391 
299  391 
300  391 
557  391 
557  391 
216  392 
216  392 
258  392 
259  392 
260  392 
261  392 
262  392 
263  392 
283  392 
284  392 
284  392 
301  392 
301  392 
302  392 
303  392 
304  392 
556  392 
217  393 
257  393 
264  393 
264  393 
265  393 
266  393 
267  393 
268  393 
269  393 
270  393 
271  393 
272  393 
273  393 
274  393 
275  393 
276  393 
277  393 
278  393 
279  393 
280  393 
281  393 
282  393 
282  393 
305  393 
305  393 
306  393 
307  393 
556  393 
556  393 
217  394 
257  394 
257  394 
308  394 
308  394 
309  394 
310  394 
555  394 
217  395 
256  395 
256  395 
311  395 
311  395 
312  395 
555  395 
555  395 
217  396 
217  396 
255  396 
255  396 
313  396 
313  396 
314  396 
554  396 
218  397 
254  397 
315  397 
315  397 
316  397 
554  397 
554  397 
218  398 
254  398 
254  398 
317  398 
317  398 
318  398 
553  398 
218  399 
253  399 
253  399 
319  399 
553  399 
553  399 
218  400 
218  400 
252  400 
252  400 
319  400 
552  400 
219  401 
251  401 
319  401 
552  401 
552  401 
219  402 
219  402 
249  402 
250  402 
251  402 
251  402 
319  402 
551  402 
220  403 
220  403 
245  403 
246  403 
247  403 
248  403 
248  403 
319  403 
551  403 
551  403 
221  404 
221  404 
222  404 
242  404 
243  404 
244  404 
244  404 
319  404 
550  404 
223  405 
223  405 
224  405 
225  405 
226  405 
227  405 
228  405 
229  405 
230  405 
231  405 
232  405 
233  405 
234  405 
235  405 
236  405 
237  405 
238  405 
239  405 
240  405 
241  405 
241  405 
319  405 
550  405 
550  405 
318  406 
549  406 
318  407 
549  407 
318  408 
549  408 
318  409 
549  409 
549  409 
318  410 
548  410 
318  411 
548  411 
318  412 
548  412 
318  413 
548  413 
319  414 
319  414 
548  414 
320  415 
320  415 
548  415 
321  416 
548  416 
321  417 
321  417 
548  417 
322  418 
322  418 
548  418 
323  419 
323  419 
548  419 
324  420 
324  420 
548  420 
325  421 
548  421 
325  422 
548  422 
324  423 
548  423 
548  423 
324  424 
547  424 
323  425 
324  425 
547  425 
547  425 
322  426 
323  426 
546  426 
546  426 
322  427 
545  427 
545  427 
321  428 
322  428 
544  428 
544  428 
321  429 
543  429 
321  430 
543  430 
543  430 
321  431 
542  431 
542  431 
321  432 
541  432 
541  432 
321  433 
540  433 
321  434 
540  434 
540  434 
321  435 
539  435 
539  435 
321  436 
538  436 
538  436 
321  437 
537  437 
537  437 
321  438 
536  438 
321  439 
536  439 
536  439 
321  440 
535  440 
535  440 
321  441 
534  441 
534  441 
321  442 
533  442 
321  443 
533  443 
533  443 
321  444 
532  444 
532  444 
321  445 
531  445 
531  445 
321  446 
530  446 
321  447 
530  447 
530  447 
321  448 
529  448 
321  449 
529  449 
321  450 
529  450 
529  450 
321  451 
528  451 
321  452 
528  452 
319  453 
320  453 
321  453 
528  453 
528  453 
316  454 
317  454 
318  454 
319  454 
527  454 
313  455 
314  455 
315  455 
316  455 
527  455 
527  455 
312  456 
313  456 
526  456 
312  457 
526  457 
311  458 
312  458 
526  458 
311  459 
526  459 
310  460 
311  460 
527  460 
209  461 
210  461 
211  461 
212  461 
213  461 
214  461 
215  461 
216  461 
217  461 
218  461 
219  461 
220  461 
221  461 
222  461 
223  461 
224  461 
225  461 
226  461 
227  461 
228  461 
229  461 
230  461 
310  461 
527  461 
528  461 
206  462 
207  462 
208  462 
209  462 
230  462 
231  462 
232  462 
233  462 
309  462 
310  462 
528  462 
529  462 
530  462 
206  463 
233  463 
234  463 
235  463 
309  463 
530  463 
531  463 
532  463 
206  464 
235  464 
236  464 
237  464 
309  464 
532  464 
533  464 
206  465 
237  465 
238  465 
239  465 
240  465 
309  465 
533  465 
206  466 
240  466 
241  466 
242  466 
308  466 
309  466 
533  466 
206  467 
242  467 
243  467 
244  467 
308  467 
533  467 
206  468 
244  468 
245  468 
308  468 
533  468 
206  469 
245  469 
246  469 
308  469 
533  469 
207  470 
207  470 
246  470 
247  470 
308  470 
533  470 
534  470 
208  471 
208  471 
247  471 
248  471 
307  471 
308  471 
534  471 
209  472 
209  472 
248  472 
249  472 
307  472 
534  472 
210  473 
249  473 
250  473 
307  473 
533  473 
210  474 
210  474 
250  474 
251  474 
306  474 
307  474 
533  474 
211  475 
251  475 
252  475 
306  475 
533  475 
533  475 
211  476 
211  476 
252  476 
253  476 
305  476 
306  476 
532  476 
532  476 
212  477 
253  477 
304  477 
305  477 
530  477 
531  477 
531  477 
212  478 
253  478 
304  478 
529  478 
529  478 
212  479 
253  479 
303  479 
304  479 
527  479 
528  479 
528  479 
212  480 
212  480 
253  480 
302  480 
303  480 
526  480 
526  480 
213  481 
253  481 
254  481 
302  481 
524  481 
525  481 
525  481 
213  482 
254  482 
301  482 
302  482 
523  482 
523  482 
213  483 
213  483 
254  483 
255  483 
301  483 
522  483 
522  483 
214  484 
255  484 
256  484 
300  484 
301  484 
521  484 
521  484 
214  485 
256  485 
257  485 
300  485 
520  485 
520  485 
214  486 
214  486 
257  486 
258  486 
299  486 
300  486 
519  486 
519  486 
215  487 
215  487 
258  487 
299  487 
518  487 
518  487 
216  488 
216  488 
258  488 
299  488 
517  488 
517  488 
217  489 
258  489 
298  489 
299  489 
516  489 
516  489 
217  490 
217  490 
258  490 
298  490 
515  490 
515  490 
218  491 
218  491 
219  491 
258  491 
297  491 
298  491 
514  491 
514  491 
220  492 
220  492 
258  492 
297  492 
513  492 
513  492 
221  493 
221  493 
258  493 
296  493 
297  493 
512  493 
222  494 
222  494 
258  494 
295  494 
296  494 
512  494 
512  494 
223  495 
258  495 
295  495 
511  495 
511  495 
223  496 
223  496 
258  496 
294  496 
295  496 
510  496 
224  497 
257  497 
258  497 
294  497 
510  497 
510  497 
224  498 
256  498 
256  498 
293  498 
294  498 
509  498 
509  498 
224  499 
224  499 
255  499 
292  499 
293  499 
508  499 
225  500 
255  500 
291  500 
292  500 
508  500 
508  500 
225  501 
225  501 
255  501 
291  501 
507  501 
507  501 
226  502 
255  502 
290  502 
291  502 
506  502 
226  503 
226  503 
255  503 
289  503 
290  503 
506  503 
506  503 
227  504 
227  504 
255  504 
289  504 
505  504 
505  504 
228  505 
228  505 
255  505 
288  505 
289  505 
504  505 
229  506 
229  506 
255  506 
287  506 
288  506 
504  506 
504  506 
230  507 
230  507 
255  507 
255  507 
286  507 
287  507 
503  507 
503  507 
231  508 
231  508 
254  508 
254  508 
286  508 
502  508 
232  509 
232  509 
233  509 
253  509 
253  509 
285  509 
286  509 
502  509 
502  509 
234  510 
234  510 
235  510 
252  510 
252  510 
285  510 
501  510 
501  510 
236  511 
236  511 
237  511 
238  511 
239  511 
251  511 
251  511 
285  511 
500  511 
240  512 
240  512 
241  512 
242  512 
243  512 
244  512 
245  512 
246  512 
247  512 
248  512 
249  512 
250  512 
250  512 
284  512 
285  512 
500  512 
500  512 
284  513 
499  513 
499  513 
284  514 
498  514 
284  515 
498  515 
498  515 
285  516 
497  516 
497  516 
285  517 
495  517 
496  517 
496  517 
285  518 
285  518 
494  518 
494  518 
286  519 
492  519 
493  519 
493  519 
286  520 
286  520 
490  520 
491  520 
491  520 
211  521 
212  521 
213  521 
214  521 
287  521 
489  521 
489  521 
210  522 
211  522 
214  522 
215  522 
216  522 
217  522 
218  522 
219  522 
220  522 
287  522 
287  522 
487  522 
488  522 
488  522 
208  523 
209  523 
210  523 
220  523 
221  523 
288  523 
486  523 
486  523 
207  524 
208  524 
221  524 
222  524 
288  524 
288  524 
484  524 
485  524 
485  524 
206  525 
207  525 
222  525 
223  525 
241  525 
242  525 
289  525 
482  525 
483  525 
483  525 
204  526 
205  526 
206  526 
223  526 
224  526 
240  526 
241  526 
242  526 
243  526 
244  526 
245  526 
246  526 
247  526 
248  526 
249  526 
250  526 
289  526 
480  526 
481  526 
481  526 
203  527 
204  527 
224  527 
238  527 
239  527 
240  527 
250  527 
251  527 
289  527 
478  527 
479  527 
479  527 
201  528 
202  528 
203  528 
224  528 
237  528 
238  528 
251  528 
252  528 
289  528 
476  528 
477  528 
477  528 
201  529 
224  529 
235  529 
236  529 
237  529 
252  529 
253  529 
289  529 
474  529 
475  529 
475  529 
200  530 
201  530 
224  530 
234  530 
235  530 
253  530 
289  530 
472  530 
473  530 
473  530 
200  531 
224  531 
232  531 
233  531 
234  531 
253  531 
254  531 
289  531 
470  531 
471  531 
471  531 
199  532 
200  532 
224  532 
225  532 
231  532 
232  532 
254  532 
255  532 
289  532 
468  532 
469  532 
469  532 
199  533 
225  533 
230  533 
231  533 
255  533 
256  533 
289  533 
466  533 
467  533 
467  533 
199  534 
225  534 
229  534 
230  534 
256  534 
257  534 
262  534 
263  534 
264  534 
265  534 
266  534 
267  534 
268  534 
269  534 
270  534 
271  534 
272  534 
273  534 
274  534 
275  534 
289  534 
289  534 
464  534 
465  534 
465  534 
198  535 
199  535 
225  535 
228  535 
229  535 
257  535 
260  535 
261  535 
262  535 
275  535 
276  535 
290  535 
290  535 
462  535 
463  535 
463  535 
198  536 
225  536 
226  536 
227  536 
228  536 
257  536 
258  536 
259  536 
260  536 
276  536 
277  536 
278  536 
291  536 
461  536 
461  536 
198  537 
278  537 
279  537 
291  537 
291  537 
460  537 
460  537 
198  538 
279  538 
280  538 
281  538 
292  538 
292  538 
459  538 
459  538 
198  539 
281  539 
282  539 
293  539 
293  539 
458  539 
458  539 
198  540 
282  540 
283  540 
284  540 
294  540 
457  540 
457  540 
198  541 
284  541 
285  541 
294  541 
294  541 
456  541 
456  541 
197  542 
198  542 
285  542 
286  542 
287  542 
295  542 
295  542 
455  542 
455  542 
197  543 
287  543 
288  543 
296  543 
454  543 
454  543 
196  544 
197  544 
288  544 
289  544 
290  544 
296  544 
453  544 
453  544 
195  545 
196  545 
290  545 
291  545 
292  545 
293  545 
294  545 
295  545 
452  545 
194  546 
195  546 
452  546 
194  547 
452  547 
452  547 
193  548 
194  548 
451  548 
192  549 
193  549 
451  549 
191  550 
192  550 
451  550 
451  550 
191  551 
450  551 
190  552 
191  552 
450  552 
190  553 
450  553 
450  553 
190  554 
449  554 
189  555 
190  555 
449  555 
189  556 
449  556 
188  557 
189  557 
449  557 
188  558 
449  558 
187  559 
188  559 
449  559 
187  560 
449  560 
187  561 
449  561 
187  562 
449  562 
187  563 
449  563 
187  564 
449  564 
187  565 
449  565 
449  565 
187  566 
448  566 
187  567 
448  567 
448  567 
187  568 
447  568 
187  569 
447  569 
447  569 
186  570 
187  570 
446  570 
186  571 
446  571 
446  571 
186  572 
445  572 
186  573 
445  573 
445  573 
186  574 
444  574 
187  575 
187  575 
444  575 
444  575 
188  576 
188  576 
443  576 
189  577 
189  577 
443  577 
443  577 
190  578 
190  578 
442  578 
442  578 
191  579 
191  579 
441  579 
192  580 
192  580 
193  580 
441  580 
441  580 
194  581 
194  581 
440  581 
195  582 
195  582 
196  582 
440  582 
197  583 
197  583 
440  583 
198  584 
198  584 
440  584 
199  585 
440  585 
199  586 
440  586 
199  587 
440  587 
440  587 
199  588 
439  588 
199  589 
439  589 
199  590 
439  590 
439  590 
199  591 
438  591 
199  592 
438  592 
198  593 
438  593 
438  593 
169  594 
169  594 
197  594 
198  594 
437  594 
166  595 
167  595 
168  595 
169  595 
170  595 
171  595 
172  595 
173  595 
195  595 
196  595 
197  595 
437  595 
163  596 
164  596 
165  596 
166  596 
173  596 
174  596 
175  596 
176  596 
177  596 
194  596 
195  596 
437  596 
160  597 
161  597 
162  597 
163  597 
177  597 
178  597 
194  597 
437  597 
157  598 
158  598 
159  598 
160  598 
178  598 
179  598 
193  598 
194  598 
437  598 
155  599 
156  599 
157  599 
179  599 
193  599 
437  599 
152  600 
153  600 
154  600 
155  600 
179  600 
180  600 
192  600 
193  600 
437  600 
149  601 
150  601 
151  601 
152  601 
180  601 
192  601 
437  601 
149  602 
180  602 
181  602 
192  602 
437  602 
149  603 
181  603 
192  603 
437  603 
149  604 
181  604 
182  604 
193  604 
437  604 
149  605 
182  605 
193  605 
193  605 
437  605 
149  606 
182  606 
183  606 
194  606 
194  606 
437  606 
148  607 
149  607 
183  607 
195  607 
195  607 
196  607 
437  607 
437  607 
148  608 
183  608 
184  608 
197  608 
197  608 
198  608 
436  608 
148  609 
184  609 
199  609 
436  609 
436  609 
148  610 
184  610 
185  610 
199  610 
435  610 
148  611 
185  611 
197  611 
198  611 
435  611 
435  611 
149  612 
185  612 
186  612 
192  612 
193  612 
194  612 
195  612 
196  612 
197  612 
434  612 
149  613 
186  613 
187  613 
188  613 
189  613 
190  613 
191  613 
192  613 
434  613 
149  614 
149  614 
434  614 
150  615 
434  615 
150  616 
434  616 
150  617 
150  617 
434  617 
434  617 
151  618 
433  618 
151  619 
433  619 
151  620 
151  620 
433  620 
152  621 
433  621 
152  622 
433  622 
152  623 
152  623 
433  623 
153  624 
153  624 
433  624 
154  625 
433  625 
154  626 
154  626 
433  626 
155  627 
433  627 
433  627 
155  628 
155  628 
432  628 
156  629 
432  629 
156  630 
432  630 
125  631 
126  631 
127  631 
128  631 
129  631 
130  631 
131  631 
132  631 
133  631 
156  631 
432  631 
124  632 
125  632 
133  632 
134  632 
135  632 
156  632 
432  632 
123  633 
124  633 
135  633 
136  633 
137  633 
156  633 
432  633 
121  634 
122  634 
123  634 
137  634 
138  634 
139  634 
156  634 
432  634 
120  635 
121  635 
139  635 
140  635 
141  635 
156  635 
432  635 
119  636 
120  636 
141  636 
142  636 
143  636 
156  636 
432  636 
118  637 
119  637 
143  637 
144  637 
145  637 
156  637 
432  637 
118  638 
145  638 
146  638 
155  638 
432  638 
117  639 
118  639 
146  639 
147  639 
155  639 
432  639 
117  640 
147  640 
148  640 
149  640 
154  640 
155  640 
432  640 
117  641 
149  641 
150  641 
154  641 
432  641 
432  641 
117  642 
150  642 
151  642 
154  642 
431  642 
113  643 
114  643 
115  643 
116  643 
117  643 
151  643 
152  643 
153  643 
154  643 
431  643 
431  643 
110  644 
111  644 
112  644 
113  644 
430  644 
110  645 
430  645 
430  645 
109  646 
110  646 
427  646 
428  646 
429  646 
429  646 
109  647 
423  647 
424  647 
425  647 
426  647 
426  647 
108  648 
109  648 
421  648 
422  648 
422  648 
108  649 
420  649 
420  649 
108  650 
419  650 
419  650 
107  651 
108  651 
416  651 
417  651 
418  651 
418  651 
107  652 
413  652 
414  652 
415  652 
415  652 
107  653 
410  653 
411  653 
412  653 
412  653 
107  654 
409  654 
409  654 
107  655 
408  655 
107  656 
408  656 
408  656 
107  657 
407  657 
107  658 
407  658 
407  658 
108  659 
406  659 
108  660 
108  660 
406  660 
109  661 
406  661 
406  661 
109  662 
109  662 
405  662 
110  663 
405  663 
405  663 
110  664 
404  664 
110  665 
404  665 
404  665 
110  666 
403  666 
403  666 
110  667 
402  667 
110  668 
110  668 
402  668 
402  668 
111  669 
401  669 
401  669 
111  670 
111  670 
400  670 
112  671 
400  671 
400  671 
112  672 
112  672 
399  672 
399  672 
113  673 
113  673 
398  673 
398  673 
114  674 
397  674 
114  675 
397  675 
397  675 
114  676 
114  676 
396  676 
396  676 
115  677 
115  677 
395  677 
395  677 
116  678 
116  678 
392  678 
393  678 
394  678 
394  678 
117  679 
117  679 
118  679 
385  679 
386  679 
387  679 
388  679 
389  679 
390  679 
391  679 
391  679 
119  680 
119  680 
381  680 
382  680 
383  680 
384  680 
384  680 
120  681 
120  681 
379  681 
380  681 
380  681 
121  682 
121  682 
377  682 
378  682 
378  682 
122  683 
122  683 
123  683 
376  683 
376  683 
124  684 
374  684 
375  684 
375  684 
124  685 
372  685 
373  685 
373  685 
124  686 
371  686 
371  686 
124  687 
370  687 
124  688 
370  688 
370  688 
124  689 
369  689 
124  690 
369  690 
124  691 
370  691 
124  692 
370  692 
371  692 
124  693 
371  693 
372  693 
124  694 
372  694 
373  694 
124  695 
124  695 
373  695 
125  696 
373  696 
374  696 
125  697 
125  697 
374  697 
126  698 
126  698 
374  698 
127  699 
374  699 
127  700 
127  700 
373  700 
373  700 
128  701 
128  701 
372  701 
129  702 
129  702 
372  702 
372  702 
130  703 
371  703 
130  704 
130  704 
371  704 
131  705 
131  705 
371  705 
132  706 
371  706 
132  707 
371  707 
129  708 
130  708 
131  708 
371  708 
125  709 
126  709 
127  709 
128  709 
129  709 
371  709 
121  710 
122  710 
123  710 
124  710 
125  710 
371  710 
119  711 
120  711 
121  711 
371  711 
118  712 
119  712 
371  712 
117  713 
118  713 
371  713 
371  713 
116  714 
117  714 
370  714 
370  714 
115  715 
116  715 
369  715 
369  715 
115  716 
367  716 
368  716 
368  716 
115  717 
366  717 
366  717 
115  718 
365  718 
115  719 
365  719 
365  719 
115  720 
364  720 
364  720 
115  721 
363  721 
363  721 
115  722 
362  722 
115  723 
362  723 
362  723 
116  724 
361  724 
116  725 
361  725 
116  726 
116  726 
361  726 
117  727 
362  727 
117  728 
362  728 
363  728 
117  729 
363  729 
364  729 
 92  730 
 93  730 
 94  730 
 95  730 
 96  730 
 97  730 
 98  730 
 99  730 
100  730 
101  730 
117  730 
364  730 
365  730 
 90  731 
 91  731 
 92  731 
101  731 
102  731 
103  731 
117  731 
365  731 
366  731 
367  731 
 89  732 
 90  732 
103  732 
104  732 
117  732 
367  732 
368  732 
 87  733 
 88  733 
 89  733 
104  733 
105  733 
117  733 
368  733 
369  733 
370  733 
 86  734 
 87  734 
105  734 
106  734 
107  734 
117  734 
370  734 
371  734 
 85  735 
 86  735 
107  735 
108  735 
117  735 
371  735 
372  735 
373  735 
 84  736 
 85  736 
108  736 
109  736 
115  736 
116  736 
373  736 
 84  737 
109  737 
110  737 
111  737 
112  737 
113  737 
114  737 
115  737 
373  737 
374  737 
 84  738 
374  738 
 84  739 
374  739 
375  739 
 84  740 
375  740 
 84  741 
375  741 
 84  742 
375  742 
376  742 
 83  743 
 84  743 
376  743 
 83  744 
376  744 
377  744 
 83  745 
377  745 
 83  746 
377  746 
378  746 
 83  747 
378  747 
 83  748 
378  748 
 83  749 
378  749 
379  749 
 83  750 
379  750 
 84  751 
 84  751 
 85  751 
379  751 
380  751 
 86  752 
 86  752 
380  752 
 87  753 
 87  753 
 88  753 
380  753 
 89  754 
 89  754 
380  754 
381  754 
 90  755 
 90  755 
381  755 
 91  756 
 91  756 
 92  756 
381  756 
 93  757 
 93  757 
 94  757 
 95  757 
 96  757 
 97  757 
 98  757 
 99  757 
100  757 
101  757 
102  757 
381  757 
103  758 
103  758 
104  758 
381  758 
382  758 
105  759 
105  759 
382  759 
383  759 
106  760 
106  760 
383  760 
384  760 
107  761 
107  761 
384  761 
385  761 
108  762 
108  762 
385  762 
386  762 
109  763 
109  763 
386  763 
110  764 
110  764 
386  764 
387  764 
111  765 
111  765 
387  765 
388  765 
112  766 
112  766 
388  766 
389  766 
113  767 
113  767 
114  767 
389  767 
390  767 
115  768 
115  768 
390  768 
391  768 
116  769 
116  769 
391  769 
392  769 
117  770 
117  770 
118  770 
392  770 
119  771 
119  771 
120  771 
392  771 
393  771 
121  772 
121  772 
122  772 
393  772 
394  772 
123  773 
123  773 
124  773 
125  773 
394  773 
 50  774 
 51  774 
 52  774 
 53  774 
 54  774 
 55  774 
 56  774 
 57  774 
 58  774 
 59  774 
 60  774 
 61  774 
 62  774 
126  774 
126  774 
127  774 
128  774 
129  774 
394  774 
395  774 
 47  775 
 48  775 
 49  775 
 50  775 
 62  775 
 63  775 
130  775 
395  775 
 45  776 
 46  776 
 47  776 
 63  776 
 64  776 
130  776 
395  776 
 45  777 
 64  777 
 65  777 
130  777 
395  777 
 45  778 
 65  778 
130  778 
395  778 
 45  779 
 65  779 
 66  779 
130  779 
395  779 
 45  780 
 66  780 
 67  780 
130  780 
395  780 
396  780 
 45  781 
 67  781 
 68  781 
130  781 
396  781 
 45  782 
 68  782 
 69  782 
130  782 
396  782 
 45  783 
 69  783 
 70  783 
130  783 
396  783 
 46  784 
 70  784 
 71  784 
130  784 
396  784 
 46  785 
 71  785 
 72  785 
130  785 
396  785 
 46  786 
 46  786 
 72  786 
 73  786 
114  786 
115  786 
116  786 
129  786 
396  786 
397  786 
 47  787 
 47  787 
 73  787 
 74  787 
111  787 
112  787 
113  787 
114  787 
116  787 
117  787 
118  787 
128  787 
129  787 
397  787 
398  787 
399  787 
 48  788 
 74  788 
 75  788 
109  788 
110  788 
111  788 
118  788 
119  788 
120  788 
127  788 
128  788 
399  788 
400  788 
401  788 
402  788 
 48  789 
 48  789 
 75  789 
 76  789 
109  789 
120  789 
121  789 
122  789 
125  789 
126  789 
127  789 
402  789 
403  789 
404  789 
405  789 
 49  790 
 76  790 
 77  790 
108  790 
109  790 
122  790 
123  790 
124  790 
125  790 
405  790 
 49  791 
 49  791 
 77  791 
 78  791 
108  791 
405  791 
 50  792 
 50  792 
 78  792 
 79  792 
108  792 
405  792 
 51  793 
 79  793 
107  793 
108  793 
405  793 
 51  794 
 79  794 
 80  794 
107  794 
405  794 
 51  795 
 80  795 
 81  795 
107  795 
405  795 
 51  796 
 81  796 
107  796 
405  796 
 51  797 
 81  797 
 82  797 
107  797 
405  797 
 51  798 
 82  798 
 83  798 
108  798 
405  798 
 51  799 
 51  799 
 83  799 
 84  799 
108  799 
405  799 
 52  800 
 84  800 
108  800 
404  800 
 52  801 
 52  801 
 84  801 
 85  801 
108  801 
108  801 
404  801 
 53  802 
 53  802 
 85  802 
 86  802 
109  802 
404  802 
 54  803 
 86  803 
 87  803 
109  803 
109  803 
404  803 
 54  804 
 54  804 
 87  804 
 88  804 
110  804 
404  804 
 55  805 
 88  805 
 89  805 
110  805 
110  805 
404  805 
 55  806 
 55  806 
 89  806 
111  806 
404  806 
 56  807 
 56  807 
 89  807 
 90  807 
111  807 
111  807 
404  807 
 57  808 
 90  808 
 91  808 
112  808 
112  808 
404  808 
 57  809 
 57  809 
 91  809 
 92  809 
113  809 
404  809 
 58  810 
 58  810 
 92  810 
113  810 
113  810 
404  810 
 59  811 
 92  811 
114  811 
114  811 
404  811 
 59  812 
 59  812 
 92  812 
 93  812 
115  812 
115  812 
116  812 
404  812 
 60  813 
 60  813 
 93  813 
117  813 
117  813 
404  813 
 61  814 
 93  814 
118  814 
118  814 
119  814 
404  814 
 61  815 
 93  815 
120  815 
120  815 
121  815 
122  815 
123  815 
124  815 
405  815 
 61  816 
 61  816 
 93  816 
125  816 
125  816 
126  816 
127  816 
405  816 
 62  817 
 93  817 
128  817 
405  817 
406  817 
 62  818 
 62  818 
 93  818 
128  818 
406  818 
407  818 
 63  819 
 93  819 
127  819 
407  819 
408  819 
 63  820 
 93  820 
126  820 
127  820 
408  820 
 62  821 
 93  821 
126  821 
408  821 
409  821 
 62  822 
 93  822 
125  822 
126  822 
409  822 
410  822 
 61  823 
 62  823 
 93  823 
124  823 
125  823 
410  823 
411  823 
 61  824 
 93  824 
123  824 
124  824 
411  824 
412  824 
 61  825 
 93  825 
123  825 
412  825 
 61  826 
 93  826 
122  826 
123  826 
412  826 
413  826 
 61  827 
 93  827 
121  827 
122  827 
413  827 
414  827 
 62  828 
 93  828 
120  828 
121  828 
414  828 
415  828 
 62  829 
 93  829 
 94  829 
119  829 
120  829 
415  829 
416  829 
 62  830 
 94  830 
117  830 
118  830 
119  830 
416  830 
417  830 
 62  831 
 62  831 
 94  831 
 95  831 
116  831 
117  831 
417  831 
418  831 
 63  832 
 95  832 
114  832 
115  832 
116  832 
418  832 
419  832 
 63  833 
 63  833 
 95  833 
113  833 
114  833 
419  833 
420  833 
 64  834 
 64  834 
 95  834 
 96  834 
112  834 
113  834 
420  834 
 65  835 
 96  835 
111  835 
112  835 
420  835 
 65  836 
 95  836 
109  836 
110  836 
111  836 
420  836 
421  836 
 65  837 
 95  837 
 95  837 
108  837 
109  837 
421  837 
 65  838 
 94  838 
107  838 
108  838 
421  838 
 65  839 
 94  839 
106  839 
107  839 
421  839 
 65  840 
 94  840 
105  840 
106  840 
421  840 
 65  841 
 95  841 
105  841 
421  841 
 65  842 
 95  842 
104  842 
105  842 
421  842 
 65  843 
 95  843 
104  843 
421  843 
 65  844 
 95  844 
 96  844 
103  844 
104  844 
421  844 
422  844 
 65  845 
 96  845 
104  845 
422  845 
 65  846 
 96  846 
 97  846 
104  846 
422  846 
 65  847 
 65  847 
 97  847 
104  847 
422  847 
 66  848 
 97  848 
104  848 
422  848 
 66  849 
 97  849 
 98  849 
104  849 
421  849 
 66  850 
 98  850 
104  850 
421  850 
 63  851 
 64  851 
 65  851 
 98  851 
104  851 
421  851 
 60  852 
 61  852 
 62  852 
 63  852 
 98  852 
 99  852 
104  852 
104  852 
421  852 
421  852 
 57  853 
 58  853 
 59  853 
 60  853 
 99  853 
105  853 
420  853 
 54  854 
 55  854 
 56  854 
 57  854 
 99  854 
105  854 
105  854 
420  854 
 53  855 
 54  855 
 99  855 
100  855 
106  855 
420  855 
 52  856 
 53  856 
100  856 
106  856 
106  856 
420  856 
420  856 
 51  857 
 52  857 
100  857 
101  857 
107  857 
419  857 
 51  858 
101  858 
107  858 
107  858 
419  858 
419  858 
 50  859 
 51  859 
101  859 
108  859 
108  859 
418  859 
 50  860 
101  860 
102  860 
109  860 
109  860 
418  860 
418  860 
 50  861 
102  861 
110  861 
110  861 
417  861 
417  861 
 51  862 
102  862 
103  862 
111  862 
111  862 
416  862 
 51  863 
103  863 
112  863 
112  863 
416  863 
416  863 
 51  864 
103  864 
104  864 
113  864 
113  864 
415  864 
415  864 
 51  865 
104  865 
114  865 
414  865 
 51  866 
 51  866 
104  866 
105  866 
114  866 
414  866 
414  866 
 52  867 
 52  867 
 53  867 
105  867 
114  867 
413  867 
413  867 
 54  868 
 54  868 
105  868 
114  868 
412  868 
412  868 
 55  869 
 55  869 
105  869 
106  869 
114  869 
114  869 
159  869 
160  869 
411  869 
411  869 
 56  870 
 56  870 
106  870 
115  870 
158  870 
158  870 
161  870 
161  870 
162  870 
163  870 
164  870 
410  870 
410  870 
 57  871 
106  871 
107  871 
115  871 
115  871 
157  871 
165  871 
409  871 
409  871 
 57  872 
107  872 
116  872 
116  872 
157  872 
157  872 
165  872 
407  872 
408  872 
408  872 
 57  873 
107  873 
117  873 
117  873 
156  873 
156  873 
165  873 
372  873 
373  873 
374  873 
375  873 
406  873 
406  873 
 56  874 
107  874 
108  874 
118  874 
118  874 
119  874 
120  874 
121  874 
155  874 
165  874 
367  874 
368  874 
369  874 
370  874 
371  874 
371  874 
376  874 
376  874 
405  874 
405  874 
 55  875 
 56  875 
108  875 
109  875 
122  875 
122  875 
123  875 
124  875 
125  875 
126  875 
155  875 
155  875 
165  875 
333  875 
334  875 
335  875 
336  875 
337  875 
338  875 
339  875 
340  875 
341  875 
362  875 
363  875 
364  875 
365  875 
366  875 
366  875 
377  875 
377  875 
378  875 
403  875 
404  875 
404  875 
 54  876 
 55  876 
109  876 
110  876 
111  876 
127  876 
154  876 
165  876 
332  876 
332  876 
342  876 
342  876 
343  876 
344  876 
353  876 
354  876 
355  876 
356  876 
357  876 
358  876 
359  876 
360  876 
361  876 
361  876 
379  876 
379  876 
380  876 
381  876 
382  876 
383  876 
384  876 
385  876 
386  876 
387  876 
388  876 
389  876 
390  876 
391  876 
392  876 
393  876 
394  876 
395  876 
396  876 
397  876 
398  876 
399  876 
400  876 
401  876 
402  876 
402  876 
 53  877 
 54  877 
111  877 
112  877 
127  877 
154  877 
154  877 
165  877 
329  877 
330  877 
331  877 
331  877 
345  877 
345  877 
346  877 
347  877 
348  877 
349  877 
350  877 
351  877 
352  877 
352  877 
 52  878 
 53  878 
112  878 
113  878 
127  878 
153  878 
165  878 
308  878 
309  878 
310  878 
311  878 
328  878 
328  878 
 51  879 
 52  879 
113  879 
114  879 
127  879 
153  879 
153  879 
165  879 
304  879 
305  879 
306  879 
307  879 
307  879 
312  879 
312  879 
313  879 
314  879 
315  879 
316  879 
326  879 
327  879 
327  879 
 51  880 
114  880 
115  880 
116  880 
127  880 
152  880 
165  880 
303  880 
303  880 
317  880 
317  880 
318  880 
319  880 
320  880 
321  880 
322  880 
323  880 
324  880 
325  880 
325  880 
 51  881 
116  881 
117  881 
127  881 
152  881 
152  881 
165  881 
302  881 
 51  882 
117  882 
118  882 
127  882 
151  882 
165  882 
302  882 
 51  883 
118  883 
119  883 
120  883 
127  883 
151  883 
151  883 
165  883 
302  883 
 51  884 
 73  884 
 74  884 
120  884 
121  884 
127  884 
150  884 
165  884 
302  884 
 51  885 
 72  885 
 72  885 
 75  885 
 75  885 
121  885 
122  885 
127  885 
127  885 
128  885 
129  885 
130  885 
131  885 
132  885 
133  885 
134  885 
135  885 
136  885 
137  885 
138  885 
139  885 
140  885 
141  885 
142  885 
143  885 
144  885 
145  885 
146  885 
147  885 
148  885 
149  885 
150  885 
150  885 
165  885 
302  885 
 51  886 
 70  886 
 71  886 
 71  886 
 76  886 
122  886 
123  886 
124  886 
165  886 
302  886 
 52  887 
 52  887 
 68  887 
 69  887 
 69  887 
 76  887 
 76  887 
124  887 
125  887 
165  887 
302  887 
 53  888 
 53  888 
 67  888 
 67  888 
 77  888 
125  888 
126  888 
127  888 
128  888 
129  888 
130  888 
131  888 
132  888 
133  888 
134  888 
135  888 
136  888 
137  888 
138  888 
139  888 
140  888 
141  888 
142  888 
143  888 
144  888 
145  888 
146  888 
147  888 
148  888 
165  888 
302  888 
  4  889 
  5  889 
  6  889 
  7  889 
  8  889 
  9  889 
 10  889 
 11  889 
 12  889 
 13  889 
 54  889 
 54  889 
 66  889 
 66  889 
 77  889 
148  889 
149  889 
165  889 
302  889 
  2  890 
  3  890 
  4  890 
 13  890 
 14  890 
 15  890 
 55  890 
 55  890 
 65  890 
 65  890 
 77  890 
149  890 
165  890 
302  890 
302  890 
  2  891 
 15  891 
 16  891 
 56  891 
 56  891 
 57  891 
 58  891 
 59  891 
 60  891 
 64  891 
 64  891 
 77  891 
149  891 
165  891 
301  891 
301  891 
  2  892 
 16  892 
 61  892 
 61  892 
 62  892 
 63  892 
 63  892 
 77  892 
 77  892 
149  892 
150  892 
165  892 
300  892 
300  892 
  2  893 
 16  893 
 17  893 
 78  893 
150  893 
165  893 
299  893 
299  893 
  2  894 
 17  894 
 18  894 
 78  894 
 78  894 
150  894 
151  894 
165  894 
165  894 
298  894 
298  894 
  2  895 
 18  895 
 79  895 
 79  895 
151  895 
166  895 
297  895 
  2  896 
 18  896 
 80  896 
 80  896 
 81  896 
151  896 
152  896 
166  896 
166  896 
297  896 
  3  897 
 18  897 
 82  897 
 82  897 
152  897 
167  897 
167  897 
297  897 
  3  898 
 18  898 
 19  898 
 83  898 
 83  898 
 84  898 
152  898 
168  898 
297  898 
  3  899 
 19  899 
 85  899 
152  899 
168  899 
168  899 
297  899 
  3  900 
 19  900 
 85  900 
152  900 
169  900 
169  900 
170  900 
298  900 
  3  901 
 19  901 
 85  901 
151  901 
171  901 
171  901 
172  901 
173  901 
298  901 
  3  902 
 19  902 
 84  902 
151  902 
174  902 
174  902 
175  902 
176  902 
298  902 
299  902 
300  902 
  3  903 
 19  903 
 83  903 
 84  903 
151  903 
151  903 
177  903 
177  903 
178  903 
300  903 
301  903 
  3  904 
 18  904 
 82  904 
 83  904 
150  904 
179  904 
179  904 
180  904 
301  904 
302  904 
303  904 
  3  905 
 18  905 
 18  905 
 82  905 
150  905 
181  905 
181  905 
303  905 
304  905 
305  905 
  3  906 
  3  906 
 17  906 
 17  906 
 81  906 
 82  906 
150  906 
182  906 
182  906 
305  906 
306  906 
  4  907 
 16  907 
 16  907 
 80  907 
 81  907 
150  907 
183  907 
183  907 
306  907 
307  907 
308  907 
  4  908 
 14  908 
 15  908 
 15  908 
 79  908 
 80  908 
150  908 
184  908 
308  908 
309  908 
  4  909 
  4  909 
  5  909 
 12  909 
 13  909 
 13  909 
 78  909 
 79  909 
150  909 
184  909 
184  909 
309  909 
310  909 
311  909 
  6  910 
  6  910 
  7  910 
  8  910 
  9  910 
 10  910 
 11  910 
 11  910 
 78  910 
150  910 
185  910 
311  910 
 78  911 
150  911 
185  911 
185  911 
311  911 
312  911 
 78  912 
151  912 
186  912 
312  912 
313  912 
 78  913 
151  913 
186  913 
313  913 
314  913 
 78  914 
151  914 
186  914 
186  914 
314  914 
 78  915 
151  915 
187  915 
314  915 
315  915 
 79  916 
 79  916 
151  916 
152  916 
187  916 
315  916 
316  916 
 80  917 
 80  917 
 81  917 
152  917 
187  917 
187  917 
316  917 
317  917 
 82  918 
 82  918 
152  918 
188  918 
317  918 
 83  919 
 83  919 
152  919 
153  919 
188  919 
188  919 
317  919 
318  919 
 84  920 
 84  920 
 85  920 
153  920 
189  920 
318  920 
319  920 
 86  921 
 86  921 
153  921 
154  921 
189  921 
189  921 
319  921 
320  921 
 87  922 
154  922 
155  922 
156  922 
190  922 
320  922 
 87  923 
156  923 
157  923 
190  923 
190  923 
320  923 
321  923 
 87  924 
157  924 
158  924 
159  924 
191  924 
321  924 
322  924 
 87  925 
159  925 
160  925 
161  925 
191  925 
191  925 
322  925 
323  925 
 87  926 
161  926 
162  926 
163  926 
192  926 
323  926 
324  926 
325  926 
326  926 
 87  927 
 87  927 
163  927 
192  927 
326  927 
327  927 
328  927 
329  927 
 88  928 
163  928 
192  928 
329  928 
330  928 
331  928 
332  928 
 88  929 
163  929 
192  929 
332  929 
 88  930 
 88  930 
163  930 
192  930 
332  930 
333  930 
 89  931 
163  931 
192  931 
333  931 
334  931 
 89  932 
163  932 
164  932 
192  932 
334  932 
335  932 
 89  933 
 89  933 
164  933 
192  933 
335  933 
336  933 
 90  934 
164  934 
192  934 
336  934 
337  934 
 90  935 
 90  935 
164  935 
192  935 
337  935 
338  935 
 91  936 
 91  936 
164  936 
192  936 
338  936 
 69  937 
 70  937 
 71  937 
 72  937 
 73  937 
 74  937 
 75  937 
 92  937 
164  937 
192  937 
338  937 
339  937 
 67  938 
 68  938 
 69  938 
 75  938 
 76  938 
 77  938 
 92  938 
 92  938 
164  938 
192  938 
192  938 
339  938 
340  938 
 66  939 
 67  939 
 77  939 
 78  939 
 93  939 
164  939 
193  939 
193  939 
340  939 
341  939 
 65  940 
 66  940 
 78  940 
 79  940 
 93  940 
 93  940 
164  940 
194  940 
341  940 
 64  941 
 65  941 
 79  941 
 80  941 
 94  941 
164  941 
194  941 
194  941 
341  941 
342  941 
 64  942 
 80  942 
 81  942 
 94  942 
 94  942 
 95  942 
164  942 
195  942 
195  942 
342  942 
 63  943 
 64  943 
 81  943 
 96  943 
 96  943 
164  943 
196  943 
196  943 
197  943 
198  943 
342  943 
343  943 
 63  944 
 81  944 
 97  944 
 97  944 
164  944 
199  944 
199  944 
200  944 
201  944 
343  944 
 63  945 
 81  945 
 82  945 
 98  945 
 98  945 
164  945 
202  945 
202  945 
343  945 
344  945 
 62  946 
 63  946 
 82  946 
 99  946 
 99  946 
164  946 
203  946 
344  946 
 62  947 
 82  947 
100  947 
100  947 
101  947 
102  947 
164  947 
203  947 
344  947 
345  947 
 62  948 
 82  948 
103  948 
103  948 
104  948 
105  948 
164  948 
165  948 
203  948 
345  948 
 63  949 
 81  949 
106  949 
106  949 
107  949 
165  949 
203  949 
203  949 
345  949 
346  949 
 63  950 
 81  950 
108  950 
108  950 
165  950 
204  950 
345  950 
 63  951 
 63  951 
 81  951 
 81  951 
109  951 
109  951 
110  951 
165  951 
204  951 
345  951 
 64  952 
 80  952 
111  952 
111  952 
112  952 
165  952 
204  952 
204  952 
205  952 
345  952 
 64  953 
 64  953 
 80  953 
 80  953 
113  953 
113  953 
114  953 
165  953 
206  953 
206  953 
345  953 
 65  954 
 65  954 
 79  954 
 79  954 
115  954 
115  954 
116  954 
165  954 
207  954 
207  954 
345  954 
 66  955 
 66  955 
 78  955 
 78  955 
117  955 
117  955 
118  955 
165  955 
208  955 
208  955 
345  955 
 67  956 
 67  956 
 68  956 
 76  956 
 77  956 
 77  956 
119  956 
119  956 
120  956 
165  956 
209  956 
345  956 
 69  957 
 69  957 
 70  957 
 71  957 
 72  957 
 73  957 
 74  957 
 75  957 
 75  957 
121  957 
121  957 
122  957 
165  957 
209  957 
345  957 
123  958 
123  958 
124  958 
165  958 
209  958 
345  958 
125  959 
125  959 
126  959 
165  959 
209  959 
345  959 
127  960 
127  960 
165  960 
209  960 
345  960 
128  961 
128  961 
165  961 
209  961 
345  961 
129  962 
129  962 
130  962 
164  962 
209  962 
345  962 
131  963 
131  963 
164  963 
209  963 
209  963 
345  963 
132  964 
132  964 
133  964 
164  964 
210  964 
346  964 
134  965 
134  965 
164  965 
210  965 
210  965 
346  965 
135  966 
135  966 
164  966 
164  966 
211  966 
346  966 
347  966 
136  967 
136  967 
137  967 
163  967 
211  967 
347  967 
138  968 
138  968 
163  968 
211  968 
211  968 
347  968 
139  969 
139  969 
163  969 
163  969 
212  969 
212  969 
347  969 
348  969 
140  970 
140  970 
162  970 
162  970 
213  970 
213  970 
348  970 
349  970 
350  970 
141  971 
141  971 
142  971 
161  971 
161  971 
214  971 
214  971 
350  971 
351  971 
143  972 
143  972 
160  972 
160  972 
215  972 
215  972 
351  972 
352  972 
144  973 
144  973 
159  973 
216  973 
352  973 
353  973 
145  974 
145  974 
159  974 
159  974 
216  974 
353  974 
146  975 
146  975 
158  975 
158  975 
216  975 
260  975 
261  975 
262  975 
263  975 
264  975 
265  975 
266  975 
267  975 
268  975 
269  975 
270  975 
271  975 
272  975 
292  975 
293  975 
294  975 
353  975 
147  976 
147  976 
148  976 
149  976 
150  976 
151  976 
152  976 
153  976 
154  976 
155  976 
156  976 
157  976 
157  976 
216  976 
216  976 
255  976 
256  976 
257  976 
258  976 
259  976 
259  976 
273  976 
273  976 
274  976 
275  976 
276  976 
288  976 
289  976 
290  976 
291  976 
291  976 
295  976 
295  976 
296  976 
353  976 
217  977 
250  977 
251  977 
252  977 
253  977 
254  977 
254  977 
277  977 
277  977 
278  977 
279  977 
280  977 
286  977 
287  977 
287  977 
297  977 
297  977 
353  977 
217  978 
246  978 
247  978 
248  978 
249  978 
249  978 
281  978 
281  978 
282  978 
284  978 
285  978 
285  978 
298  978 
298  978 
299  978 
353  978 
354  978 
217  979 
217  979 
242  979 
243  979 
244  979 
245  979 
245  979 
283  979 
283  979 
283  979 
300  979 
300  979 
354  979 
218  980 
218  980 
238  980 
239  980 
240  980 
241  980 
241  980 
301  980 
301  980 
302  980 
303  980 
304  980 
305  980 
354  980 
219  981 
219  981 
235  981 
236  981 
237  981 
237  981 
306  981 
306  981 
307  981 
308  981 
309  981 
310  981 
311  981 
354  981 
220  982 
220  982 
221  982 
222  982 
231  982 
232  982 
233  982 
234  982 
234  982 
312  982 
312  982 
313  982 
314  982 
354  982 
223  983 
223  983 
224  983 
225  983 
226  983 
227  983 
228  983 
229  983 
230  983 
230  983 
315  983 
354  983 
315  984 
354  984 
314  985 
354  985 
314  986 
354  986 
314  987 
354  987 
314  988 
354  988 
355  988 
314  989 
355  989 
314  990 
355  990 
356  990 
314  991 
356  991 
357  991 
358  991 
359  991 
360  991 
361  991 
314  992 
361  992 
362  992 
363  992 
314  993 
363  993 
364  993 
314  994 
364  994 
365  994 
314  995 
365  995 
366  995 
367  995 
314  996 
367  996 
314  997 
367  997 
314  998 
367  998 
368  998 
314  999 
368  999 
314 1000 
368 1000 
314 1001 
368 1001 
369 1001 
314 1002 
369 1002 
314 1003 
369 1003 
314 1004 
369 1004 
314 1005 
369 1005 
314 1006 
369 1006 
314 1007 
369 1007 
314 1008 
369 1008 
370 1008 
314 1009 
370 1009 
371 1009 
314 1010 
371 1010 
372 1010 
314 1011 
372 1011 
373 1011 
314 1012 
373 1012 
374 1012 
314 1013 
374 1013 
375 1013 
314 1014 
375 1014 
259 1015 
260 1015 
261 1015 
262 1015 
263 1015 
314 1015 
375 1015 
376 1015 
257 1016 
258 1016 
259 1016 
263 1016 
264 1016 
265 1016 
266 1016 
314 1016 
376 1016 
256 1017 
257 1017 
266 1017 
267 1017 
314 1017 
376 1017 
255 1018 
256 1018 
267 1018 
268 1018 
314 1018 
376 1018 
254 1019 
255 1019 
268 1019 
269 1019 
314 1019 
376 1019 
253 1020 
254 1020 
269 1020 
314 1020 
376 1020 
377 1020 
253 1021 
269 1021 
270 1021 
315 1021 
377 1021 
252 1022 
253 1022 
270 1022 
315 1022 
377 1022 
178 1023 
179 1023 
180 1023 
181 1023 
182 1023 
183 1023 
184 1023 
252 1023 
270 1023 
315 1023 
377 1023 
176 1024 
177 1024 
178 1024 
184 1024 
185 1024 
186 1024 
252 1024 
270 1024 
315 1024 
377 1024 
175 1025 
176 1025 
186 1025 
187 1025 
252 1025 
270 1025 
315 1025 
376 1025 
174 1026 
175 1026 
187 1026 
188 1026 
252 1026 
270 1026 
315 1026 
376 1026 
173 1027 
174 1027 
188 1027 
253 1027 
270 1027 
315 1027 
376 1027 
173 1028 
188 1028 
189 1028 
253 1028 
253 1028 
269 1028 
315 1028 
376 1028 
173 1029 
189 1029 
254 1029 
254 1029 
269 1029 
269 1029 
315 1029 
376 1029 
172 1030 
173 1030 
189 1030 
190 1030 
255 1030 
255 1030 
268 1030 
268 1030 
315 1030 
376 1030 
172 1031 
190 1031 
256 1031 
256 1031 
266 1031 
267 1031 
267 1031 
315 1031 
376 1031 
172 1032 
190 1032 
257 1032 
257 1032 
258 1032 
264 1032 
265 1032 
265 1032 
315 1032 
377 1032 
172 1033 
190 1033 
259 1033 
259 1033 
260 1033 
261 1033 
262 1033 
263 1033 
263 1033 
315 1033 
377 1033 
378 1033 
379 1033 
172 1034 
190 1034 
315 1034 
315 1034 
379 1034 
380 1034 
173 1035 
189 1035 
316 1035 
316 1035 
380 1035 
381 1035 
173 1036 
173 1036 
189 1036 
189 1036 
317 1036 
317 1036 
381 1036 
382 1036 
383 1036 
174 1037 
188 1037 
188 1037 
318 1037 
318 1037 
319 1037 
320 1037 
321 1037 
383 1037 
384 1037 
174 1038 
174 1038 
187 1038 
187 1038 
322 1038 
322 1038 
323 1038 
324 1038 
325 1038 
384 1038 
175 1039 
175 1039 
176 1039 
186 1039 
186 1039 
326 1039 
326 1039 
327 1039 
328 1039 
384 1039 
385 1039 
177 1040 
177 1040 
178 1040 
184 1040 
185 1040 
185 1040 
329 1040 
329 1040 
385 1040 
386 1040 
179 1041 
179 1041 
180 1041 
181 1041 
182 1041 
183 1041 
183 1041 
330 1041 
386 1041 
330 1042 
386 1042 
330 1043 
386 1043 
330 1044 
386 1044 
330 1045 
386 1045 
330 1046 
386 1046 
330 1047 
386 1047 
330 1048 
386 1048 
330 1049 
386 1049 
330 1050 
386 1050 
330 1051 
386 1051 
330 1052 
386 1052 
330 1053 
386 1053 
330 1054 
330 1054 
360 1054 
361 1054 
386 1054 
331 1055 
331 1055 
332 1055 
359 1055 
362 1055 
362 1055 
363 1055 
386 1055 
333 1056 
333 1056 
359 1056 
359 1056 
364 1056 
364 1056 
386 1056 
334 1057 
334 1057 
335 1057 
358 1057 
365 1057 
365 1057 
386 1057 
336 1058 
336 1058 
358 1058 
366 1058 
386 1058 
337 1059 
337 1059 
358 1059 
366 1059 
366 1059 
386 1059 
338 1060 
338 1060 
339 1060 
358 1060 
367 1060 
367 1060 
386 1060 
387 1060 
419 1060 
420 1060 
421 1060 
340 1061 
340 1061 
358 1061 
358 1061 
368 1061 
368 1061 
386 1061 
416 1061 
417 1061 
418 1061 
419 1061 
421 1061 
422 1061 
423 1061 
424 1061 
341 1062 
341 1062 
342 1062 
357 1062 
357 1062 
369 1062 
386 1062 
386 1062 
415 1062 
416 1062 
424 1062 
425 1062 
343 1063 
343 1063 
356 1063 
356 1063 
369 1063 
369 1063 
385 1063 
385 1063 
414 1063 
415 1063 
425 1063 
426 1063 
344 1064 
344 1064 
345 1064 
346 1064 
352 1064 
353 1064 
354 1064 
355 1064 
355 1064 
370 1064 
370 1064 
371 1064 
384 1064 
384 1064 
413 1064 
414 1064 
426 1064 
427 1064 
347 1065 
347 1065 
348 1065 
349 1065 
350 1065 
351 1065 
351 1065 
372 1065 
372 1065 
373 1065 
374 1065 
377 1065 
378 1065 
379 1065 
380 1065 
381 1065 
382 1065 
383 1065 
383 1065 
412 1065 
413 1065 
427 1065 
428 1065 
375 1066 
375 1066 
376 1066 
376 1066 
411 1066 
412 1066 
428 1066 
429 1066 
411 1067 
429 1067 
410 1068 
411 1068 
429 1068 
430 1068 
410 1069 
430 1069 
410 1070 
430 1070 
410 1071 
430 1071 
410 1072 
430 1072 
410 1073 
430 1073 
410 1074 
430 1074 
410 1075 
430 1075 
411 1076 
429 1076 
411 1077 
411 1077 
429 1077 
429 1077 
412 1078 
428 1078 
412 1079 
412 1079 
428 1079 
428 1079 
413 1080 
413 1080 
427 1080 
427 1080 
414 1081 
414 1081 
415 1081 
426 1081 
426 1081 
416 1082 
416 1082 
424 1082 
425 1082 
425 1082 
417 1083 
417 1083 
418 1083 
419 1083 
420 1083 
421 1083 
422 1083 
423 1083 
423 1083 
437 1099 
438 1099 
439 1099 
440 1099 
441 1099 
442 1099 
443 1099 
435 1100 
436 1100 
437 1100 
443 1100 
444 1100 
433 1101 
434 1101 
435 1101 
444 1101 
445 1101 
432 1102 
433 1102 
445 1102 
446 1102 
431 1103 
432 1103 
446 1103 
447 1103 
430 1104 
431 1104 
447 1104 
429 1105 
430 1105 
447 1105 
448 1105 
427 1106 
428 1106 
429 1106 
448 1106 
426 1107 
427 1107 
448 1107 
426 1108 
448 1108 
425 1109 
426 1109 
448 1109 
424 1110 
425 1110 
448 1110 
424 1111 
448 1111 
424 1112 
448 1112 
424 1113 
448 1113 
424 1114 
448 1114 
424 1115 
448 1115 
449 1115 
425 1116 
449 1116 
450 1116 
425 1117 
450 1117 
451 1117 
425 1118 
451 1118 
452 1118 
425 1119 
452 1119 
425 1120 
452 1120 
453 1120 
425 1121 
453 1121 
425 1122 
425 1122 
453 1122 
426 1123 
453 1123 
426 1124 
453 1124 
426 1125 
453 1125 
426 1126 
453 1126 
454 1126 
392 1127 
393 1127 
394 1127 
395 1127 
396 1127 
397 1127 
425 1127 
454 1127 
390 1128 
391 1128 
392 1128 
397 1128 
398 1128 
399 1128 
425 1128 
454 1128 
389 1129 
390 1129 
399 1129 
400 1129 
401 1129 
425 1129 
454 1129 
388 1130 
389 1130 
401 1130 
402 1130 
425 1130 
454 1130 
455 1130 
387 1131 
388 1131 
402 1131 
425 1131 
455 1131 
456 1131 
387 1132 
402 1132 
403 1132 
425 1132 
456 1132 
457 1132 
386 1133 
387 1133 
403 1133 
424 1133 
425 1133 
457 1133 
458 1133 
386 1134 
403 1134 
423 1134 
424 1134 
458 1134 
459 1134 
385 1135 
386 1135 
403 1135 
421 1135 
422 1135 
423 1135 
459 1135 
460 1135 
385 1136 
403 1136 
420 1136 
421 1136 
460 1136 
461 1136 
385 1137 
403 1137 
418 1137 
419 1137 
420 1137 
461 1137 
462 1137 
385 1138 
403 1138 
404 1138 
416 1138 
417 1138 
418 1138 
462 1138 
385 1139 
404 1139 
415 1139 
416 1139 
462 1139 
385 1140 
404 1140 
414 1140 
415 1140 
462 1140 
463 1140 
385 1141 
404 1141 
413 1141 
414 1141 
463 1141 
385 1142 
404 1142 
412 1142 
413 1142 
462 1142 
386 1143 
403 1143 
410 1143 
411 1143 
412 1143 
462 1143 
386 1144 
386 1144 
403 1144 
410 1144 
462 1144 
462 1144 
387 1145 
403 1145 
403 1145 
409 1145 
410 1145 
461 1145 
387 1146 
387 1146 
402 1146 
402 1146 
408 1146 
409 1146 
461 1146 
461 1146 
388 1147 
388 1147 
401 1147 
401 1147 
408 1147 
460 1147 
389 1148 
389 1148 
390 1148 
400 1148 
400 1148 
407 1148 
408 1148 
460 1148 
460 1148 
391 1149 
391 1149 
392 1149 
398 1149 
399 1149 
399 1149 
406 1149 
407 1149 
459 1149 
459 1149 
393 1150 
393 1150 
394 1150 
395 1150 
396 1150 
397 1150 
397 1150 
406 1150 
458 1150 
407 1151 
458 1151 
407 1152 
458 1152 
407 1153 
459 1153 
460 1153 
461 1153 
407 1154 
461 1154 
462 1154 
463 1154 
407 1155 
463 1155 
464 1155 
407 1156 
464 1156 
465 1156 
407 1157 
465 1157 
466 1157 
407 1158 
466 1158 
467 1158 
407 1159 
467 1159 
468 1159 
407 1160 
468 1160 
407 1161 
468 1161 
469 1161 
407 1162 
469 1162 
470 1162 
471 1162 
406 1163 
471 1163 
472 1163 
406 1164 
472 1164 
473 1164 
406 1165 
473 1165 
474 1165 
407 1166 
407 1166 
474 1166 
475 1166 
408 1167 
408 1167 
475 1167 
476 1167 
409 1168 
409 1168 
476 1168 
410 1169 
410 1169 
476 1169 
411 1170 
411 1170 
476 1170 
412 1171 
476 1171 
412 1172 
476 1172 
477 1172 
411 1173 
477 1173 
411 1174 
477 1174 
411 1175 
476 1175 
476 1175 
411 1176 
475 1176 
411 1177 
475 1177 
475 1177 
411 1178 
474 1178 
474 1178 
411 1179 
473 1179 
473 1179 
411 1180 
472 1180 
472 1180 
411 1181 
471 1181 
412 1182 
471 1182 
412 1183 
412 1183 
471 1183 
413 1184 
413 1184 
472 1184 
414 1185 
472 1185 
473 1185 
414 1186 
414 1186 
473 1186 
474 1186 
415 1187 
415 1187 
474 1187 
416 1188 
416 1188 
474 1188 
417 1189 
417 1189 
474 1189 
418 1190 
418 1190 
474 1190 
475 1190 
419 1191 
419 1191 
475 1191 
420 1192 
475 1192 
420 1193 
420 1193 
475 1193 
421 1194 
421 1194 
475 1194 
422 1195 
475 1195 
422 1196 
422 1196 
475 1196 
423 1197 
474 1197 
475 1197 
423 1198 
423 1198 
473 1198 
473 1198 
424 1199 
424 1199 
472 1199 
472 1199 
425 1200 
425 1200 
471 1200 
426 1201 
426 1201 
427 1201 
428 1201 
471 1201 
429 1202 
429 1202 
430 1202 
431 1202 
432 1202 
433 1202 
472 1202 
434 1203 
434 1203 
435 1203 
436 1203 
472 1203 
437 1204 
472 1204 
437 1205 
437 1205 
472 1205 
473 1205 
438 1206 
473 1206 
438 1207 
438 1207 
473 1207 
439 1208 
473 1208 
439 1209 
439 1209 
473 1209 
474 1209 
440 1210 
440 1210 
474 1210 
441 1211 
441 1211 
474 1211 
442 1212 
442 1212 
474 1212 
443 1213 
443 1213 
444 1213 
474 1213 
445 1214 
445 1214 
446 1214 
447 1214 
474 1214 
475 1214 
448 1215 
474 1215 
448 1216 
448 1216 
474 1216 
449 1217 
474 1217 
449 1218 
449 1218 
474 1218 
474 1218 
450 1219 
473 1219 
450 1220 
450 1220 
473 1220 
451 1221 
473 1221 
473 1221 
451 1222 
451 1222 
472 1222 
472 1222 
452 1223 
452 1223 
470 1223 
471 1223 
471 1223 
453 1224 
469 1224 
469 1224 
453 1225 
453 1225 
468 1225 
468 1225 
454 1226 
454 1226 
462 1226 
463 1226 
464 1226 
465 1226 
466 1226 
467 1226 
467 1226 
455 1227 
455 1227 
456 1227 
457 1227 
458 1227 
459 1227 
460 1227 
461 1227 
461 1227 
