B001   101  1  (((80000 3000, 94000 3000, 94000 13000, 97000 13000, 97000 19000, 84000 19000, 84000 10000, 80000 10000, 80000 3000)))
B002   102  1  (((131000 21500, 136000 21500, 136200 21200, 137600 21200, 137800 21500, 161000 21500, 161000 43500, 159800 43500, 159600 43900, 157500 43900, 157300 43500, 141000 43500, 141000 37500, 131000 37500, 131000 21500)))
B003   103  1  (((161000 10000, 183000 10000, 183000 37000, 161000 37000, 161000 10000)))
B004   104  1  (((161000 34000, 180300 34000, 180400 33300, 182400 33300, 182500 34000, 183000 34000, 183000 64000, 167000 64000, 167000 53000, 161000 53000, 161000 34000)))
B005   105  1  (((175000 30000, 195000 30000, 195000 36000, 205000 36000, 205000 52000, 175000 52000, 175000 30000)))
B006   106  1  (((180500 52000, 202500 52000, 202500 82000, 187000 82000, 187000 77000, 183000 77000, 183000 65000, 180500 65000, 180500 63300, 179400 63300, 180000 61600, 180500 60800, 180500 52000)))
B007   107  1  (((200000 48000, 203300 48000, 203400 47700, 204200 47700, 204300 48000, 230000 48000, 230000 68000, 200000 68000, 200000 48000)))
B008   108  1  (((230000 50000, 240000 50000, 240000 48000, 252250 48000, 252250 58000, 250000 58000, 250000 78000, 230000 78000, 230000 50000)))
B009   109  1  (((202500 64000, 223100 64000, 223400 63500, 226100 63500, 226500 64000, 230000 64000, 230000 86000, 202500 86000, 202500 64000)))
B010   110  1  (((278000 60000, 296500 60000, 296500 76000, 300000 76000, 300000 90000, 278000 90000, 278000 60000)))
B011   111  1  (((202000 86000, 232000 86000, 232000 108000, 212000 108000, 212000 102000, 202000 102000, 202000 86000)),((201000 81000, 206000 81000, 206000 87000, 201000 87000, 201000 81000)))
B012   112  1  (((228500 78000, 250500 78000, 250500 83300, 251000 84000, 251000 85000, 250500 85400, 250500 108000, 231500 108000, 231500 86000, 228500 86000, 228500 78000)))
B013   113  1  (((250000 90000, 280000 90000, 280000 110000, 250000 110000, 250000 90000)))
B014   114  1  (((280000 87000, 300000 87000, 300000 107000, 280000 107000, 280000 87000)),((280000 107000, 300000 107000, 300000 130000, 280000 130000, 280000 107000)))
B015   115  1  (((299000 80000, 299900 80000, 301000 79300, 304100 79300, 304400 80000, 311000 80000, 311000 86000, 321000 86000, 321000 110000, 299000 110000, 299000 94000, 298600 93500, 299000 92700, 299000 85900, 298400 85500, 298400 84000, 299000 83500, 299000 80000)))
B016   116  1  (((321000 88000, 322000 87800, 322900 87800, 323000 88000, 335000 88000, 335000 91000, 341000 91000, 341000 88000, 349000 88000, 349000 110000, 321000 110000, 321000 88000)))
B017   117  1  (((347000 90000, 370000 90000, 370000 110000, 347000 110000, 347000 90000)),((370000 90000, 390000 90000, 390000 110000, 370000 110000, 370000 90000)))
B018   118  1  (((383000 110000, 406000 110000, 406000 130000, 383000 130000, 383000 110000)),((386000 90000, 398000 90000, 400000 89600, 401000 89600, 403000 90000, 406000 90000, 406000 110000, 386000 110000,386000 90000)))
B019   119  1  (((448000 99000, 456000 99000, 456000 97000, 470000 97000, 470000 125000, 448000 125000, 448000 101700, 447600 101700, 447600 101300, 448000 101100, 448000 99000)))
B020   120  1  (((468000 97000, 477000 97000, 483000 93000, 483000 92000, 490000 92000, 490000 122000, 468000 122000, 468000 97000)))
B021   121  1  (((490000 98000, 490000 97600, 494200 97600, 494200 98000, 517000 98000, 517000 120000, 490000 120000, 490000 98000)))
B022   122  1  (((517000 102000, 537000 102000, 537000 99000, 547000 99000, 547000 121000, 517000 121000, 517000 102000)))
B023   123  1  (((543000 95000, 565000 95000, 565000 122000, 543000 122000, 543000 106000, 542700 106000, 542700 103400, 543000 103400, 543000 95000)))
B024   124  1  (((561000 102000, 581000 102000, 581000 108000, 591000 108000, 591000 124000, 561000 124000, 561000 102000)))
B025   125  1  (((580000 115000, 610000 115000, 610000 128100, 610400 128699, 610400 129699, 610000 130000, 610000 135000, 580000 135000, 580000 115000)))
B026   126  1  (((220000 108000, 250000 108000, 250000 128000, 220000 128000, 220000 116900, 219300 116000, 219300 112300, 219600 111500, 219600 108000, 220000 108000)))
B027   127  1  (((250000 110000, 280000 110000, 280000 130000, 250000 130000, 250000 120000, 249400 119500, 249400 118500, 250000 118000, 250000 110000)))
B028   128  1  (((320000 110000, 340000 110000, 340000 130000, 320000 130000, 320000 110000)),((300000 107000, 320000 107000, 320000 130000, 300000 130000, 300000 107000)))
B029   129  1  (((340000 110000, 360000 110000, 360000 130000, 340000 130000, 340000 110000)),((360000 110000, 383000 110000, 383000 130000, 360000 130000, 360000 110000)))
B030   130  1  (((400000 120000, 420000 120000, 420000 140000, 400000 140000, 400000 120000)),((397000 140000, 420000 140000, 420000 160000, 397000 160000, 397000 140000)))
B031   131  1  (((420000 120000, 440000 120000, 440000 140000, 420000 140000, 420000 120000)),((420000 140000, 440000 140000, 440000 160000, 420000 160000, 420000 140000)))
B032   132  1  (((440000 120000, 470000 120000, 470000 140000, 440000 140000, 440000 120000)))
B033   133  1  (((470000 120000, 500000 120000, 500000 140000, 470000 140000, 470000 120000)))
B034   134  1  (((500000 120000, 530000 120000, 530000 140000, 500000 140000, 500000 120000)))
B035   135  1  (((530000 120000, 560000 120000, 560000 140000, 530000 140000, 530000 120000)))
B036   136  1  (((558000 122000, 563000 122000, 563000 123000, 580000 123000, 580000 150000, 558000 150000, 558000 140900, 557700 139300, 558000 137300, 558000 122000)))
B037   137  1  (((580000 135000, 610000 135000, 610000 155000, 580000 155000, 580000 135000)))
B038   138  1  (((609000 129000, 616000 129000, 616000 132000, 639000 132000, 639000 151000, 609000 151000, 609000 129000)))
B039   139  1  (((238000 120000, 260000 120000, 260000 150000, 249000 150000, 249000 148000, 243000 148000, 243000 143000, 241000 143000, 241000 137500, 238000 137500, 238000 120000)),((212500 143000, 215000 143000, 215000 148500, 212500 148500, 212500 143000)))
B040   140  1  (((310000 128000, 340000 128000, 340000 150000, 330000 150000, 330000 147000, 329200 147000, 329000 147300, 328000 147300, 327800 147000, 310000 147000, 310000 128000)))
B041   141  1  (((340000 130000, 360000 130000, 360000 160000, 340000 160000, 340000 130000)))
B042   142  1  (((360000 130000, 380000 130000, 380000 160000, 360000 160000, 360000 130000)))
B043   143  1  (((380000 130000, 400000 130000, 400000 160000, 380000 160000, 380000 130000)))
B044   144  1  (((460000 137000, 480000 137000, 480000 160000, 460000 160000, 460000 137000)),((440000 140000, 460000 140000, 460000 160000, 440000 160000, 440000 140000)))
B045   145  1  (((480000 140000, 510000 140000, 510000 160000, 480000 160000, 480000 140000)))
B046   146  1  (((510000 140000, 540000 140000, 540000 160000, 510000 160000, 510000 140000)))
B047   147  1  (((540000 138000, 562000 138000, 562000 165000, 540000 165000, 540000 138000)))
B048   148  1  (((560000 150000, 590000 150000, 590000 170000, 560000 170000, 560000 150000)))
B049   149  1  (((588000 150000, 610000 150000, 610000 177000, 588000 177000, 588000 150000)))
B050   150  1  (((610000 151000, 640000 151000, 640000 166750, 640400 167500, 640400 170300, 640000 171000, 640000 173000, 633000 173000, 633000 171000, 628000 171000, 628000 170000, 610000 170000, 610000 151000)))
B051   151  1  (((278000 172500, 288500 172500, 288500 166000, 301000 166000, 301000 186000, 278000 186000, 278000 172500)),((301000 166000, 302000 165200, 307000 165200, 308000 166000, 310000 166000, 310000 165800, 311300 165800, 311300 166000, 324000 166000, 324000 186000, 301000 186000, 301000 166000)))
B052   152  1  (((320000 176000, 329500 176000, 329500 181000, 342000 181000, 342000 206000, 320000 206000, 320000 176000)))
B053   153  1  (((320000 143000, 342000 143000, 342000 173000, 330000 173000, 330000 167000, 320000 167000, 320000 143000)))
B054   154  1  (((340000 160000, 360000 160000, 360000 190000, 340000 190000, 340000 160000)))
B055   155  1  (((353000 160000, 380000 160000, 380000 182000, 353000 182000, 353000 176800, 352400 176000, 353000 175000, 353000 160000)))
B056   156  1  (((380000 153000, 400000 153000, 400000 183000, 380000 183000, 380000 153000)))
B057   157  1  (((400000 160000, 415700 160000, 415700 159600, 417300 159600, 417300 160000, 430000 160000, 430000 180000, 400000 180000, 400000 172700, 399400 172300, 399400 170400, 400000 170000, 400000 162000, 399700 162000, 399700 161000, 400000 160900, 400000 160000)))
B058   158  1  (((428000 160000, 458000 160000, 458000 180000, 428000 180000, 428000 160000)))
B059   159  1  (((455000 160000, 485000 160000, 485000 180000, 455000 180000, 455000 160000)))
B060   160  1  (((480000 160000, 510000 160000, 510000 180000, 480000 180000, 480000 160000)))
B061   161  1  (((510000 160000, 540000 160000, 540000 180000, 510000 180000, 510000 160000)))
B062   162  1  (((536000 165000, 566000 165000, 566000 185000, 536000 185000, 536000 165000)))
B063   163  1  (((563000 162000, 590000 162000, 590000 175700, 590450 177000, 590400 177500, 590300 177900, 590000 178400, 590000 184000, 563000 184000, 563000 162000)))
B064   164  1  (((235000 184000, 265000 184000, 265000 204000, 235000 204000, 235000 184000)))
B065   165  1  (((260000 186000, 273000 186000, 273000 181000, 282000 181000, 282000 211000, 260000 211000, 260000 186000)))
B066   166  1  (((301000 186000, 321000 186000, 321000 209000, 301000 209000, 301000 186000)),((281000 186000, 301000 186000, 301000 206000, 281000 206000, 281000 186000)))
B067   167  1  (((353000 181000, 380000 181000, 380000 203000, 353000 203000, 353000 181000)))
B068   168  1  (((378000 180000, 400000 180000, 400000 207000, 378000 207000, 378000 180000)))
B069   169  1  (((400000 175000, 420000 175000, 420000 205000, 400000 205000, 400000 175000)))
B070   170  1  (((442000 180000, 462000 180000, 462000 200000, 442000 200000, 442000 180000)),((419000 180000, 442000 180000, 442000 200000, 419000 200000, 419000 180000)))
B071   171  1  (((459000 174000, 470000 174000, 472000 173680, 474000 173680, 476000 174000, 481000 174000, 481000 201000, 459000 201000, 459000 174000)))
B072   172  1  (((480000 180000, 510000 180000, 510000 200000, 480000 200000, 480000 180000)))
B073   173  1  (((510000 178000, 537000 178000, 537000 200000, 510000 200000, 510000 178000)))
B074   174  1  (((530000 185000, 550000 185000, 550000 215000, 530000 215000, 530000 185000)))
B075   175  1  (((570000 180000, 593000 180000, 593000 200000, 570000 200000, 570000 180000)),((550000 180000, 570000 180000, 570000 200000, 550000 200000, 550000 180000)))
B076   176  1  (((584000 184000, 587000 184000, 588000 183600, 588700 183000, 589200 183000, 589900 184000, 592400 184000, 592800 183800, 593800 183800, 593950 184000, 606000 184000, 606000 211000, 584000 211000, 584000 184000)))
B077   177  1  (((216000 204000, 246000 204000, 246000 224000, 216000 224000, 216000 204000)))
B078   178  1  (((237000 198000, 267000 198000, 267000 218000, 237000 218000, 237000 198000)))
B079   179  1  (((378000 203000, 400000 203000, 400000 230000, 378000 230000, 378000 203000)))
B080   180  1  (((449000 200000, 472000 200000, 472000 204500, 472200 205000, 472200 206000, 472000 206400, 472000 220000, 449000 220000, 449000 200000)),((429500 200000, 449500 200000, 449500 220000, 429500 220000, 429500 200000)))
B081   181  1  (((472000 200000, 502000 200000, 502000 220000, 472000 220000, 472000 200000)))
B082   182  1  (((500000 200000, 530000 200000, 530000 220000, 500000 220000, 500000 200000)))
B083   183  1  (((567000 200000, 590000 200000, 590000 220000, 567000 220000, 567000 200000)),((550000 200000, 570000 200000, 570000 220000, 550000 220000, 550000 200000)))
B084   184  1  (((590000 210000, 610000 210000, 610000 230000, 590000 230000, 590000 210000)),((607000 211000, 627000 211000, 627000 234000, 607000 234000, 607000 211000)))
B085   185  1  (((220000 223000, 247000 223000, 247000 249000, 220000 249000, 220000 223000)))
B086   186  1  (((246000 218000, 268000 218000, 268000 245000, 246000 245000, 246000 218000)))
B087   187  1  (((267000 232000, 290000 232000, 290000 252000, 267000 252000, 267000 232000)),((270000 248000, 290000 248000, 290000 268000, 270000 268000, 270000 248000)))
B088   188  1  (((290000 233000, 320000 233000, 320000 253000, 290000 253000, 290000 233000)))
B089   189  1  (((340000 220000, 364000 220000, 364000 227200, 364400 227600, 364400 228000, 364000 228450, 364000 230000, 370000 230000, 370000 242000, 340000 242000, 340000 220000)))
B090   190  1  (((370000 230000, 400000 230000, 400000 250000, 370000 250000, 370000 230000)))
B091   191  1  (((428000 220000, 448000 220000, 448000 243000, 428000 243000, 428000 220000)),((444000 220000, 464000 220000, 464000 240000, 444000 240000, 444000 220000)))
B092   192  1  (((480000 220000, 500000 220000, 500000 243000, 480000 243000, 480000 220000)),((460000 220000, 480000 220000, 480000 240000, 460000 240000, 460000 220000)))
B093   193  1  (((500000 220000, 530000 220000, 530000 240000, 500000 240000, 500000 220000)))
B094   194  1  (((530000 210000, 550000 210000, 550000 220000, 550500 220250, 550800 221800, 550450 222700, 550000 223400, 550000 240000, 530000 240000, 530000 210000)))
B095   195  1  (((547000 220000, 570000 220000, 570000 240000, 547000 240000, 547000 220000)),((570000 220000, 590000 220000, 590000 240000, 570000 240000, 570000 220000)))
B096   196  1  (((580000 230000, 610000 230000, 610000 250000, 580000 250000, 580000 230000)))
B097   197  1  (((610000 229000, 630500 229000, 630500 234000, 635000 234000, 635000 237000, 640000 237000, 640000 251000, 610000 251000, 610000 232900, 609600 232500, 609380 231000, 609580 230700, 610000 230850, 610000 229000)))
B098   198  1  (((213000 240000, 233000 240000, 233000 260000, 213000 260000, 213000 240000)),((231000 245000, 251000 245000, 251000 267200, 251300 267400, 251700 268000, 231000 268000, 231000 245000)))
B099   199  1  (((248000 243000, 270000 243000, 270000 270000, 248000 270000, 248000 243000)))
B100   200  0  EMPTY
B101   201  0  EMPTY
B102   202  0  EMPTY
B103   203  0  EMPTY
B104   204  0  EMPTY
B105   205  0  EMPTY
B106   206  0  EMPTY
B107   207  0  EMPTY
B108   208  0  EMPTY
B109   209  0  EMPTY
B110   210  0  EMPTY
B111   211  0  EMPTY
B112   212  0  EMPTY
B113   213  0  EMPTY
B114   214  0  EMPTY
B115   215  0  EMPTY
B116   216  0  EMPTY
B117   217  0  EMPTY
B118   218  0  EMPTY
B119   219  0  EMPTY
B120   220  0  EMPTY
B121   221  0  EMPTY
B122   222  0  EMPTY
B123   223  0  EMPTY
B124   224  0  EMPTY
B125   225  0  EMPTY
B126   226  0  EMPTY
B127   227  0  EMPTY
B128   228  0  EMPTY
B129   229  0  EMPTY
B130   230  0  EMPTY
B131   231  0  EMPTY
B132   232  0  EMPTY
B133   233  0  EMPTY
B134   234  0  EMPTY
B135   235  0  EMPTY
B136   236  0  EMPTY
B137   237  0  EMPTY
B138   238  0  EMPTY
B139   239  0  EMPTY
B140   240  0  EMPTY
B141   241  0  EMPTY
B142   242  0  EMPTY
B143   243  0  EMPTY
B144   244  0  EMPTY
B145   245  0  EMPTY
B146   246  0  EMPTY
B147   247  0  EMPTY
B148   248  0  EMPTY
B149   249  0  EMPTY
B150   250  0  EMPTY
B151   251  0  EMPTY
B152   252  0  EMPTY
B153   253  0  EMPTY
B154   254  0  EMPTY
B155   255  1  (((298000 325000, 314000 325000, 314000 328000, 322000 328000, 322000 331000, 328000 331000, 328000 336300, 328700 337000, 328700 341300, 328000 342000, 328000 347000, 298000 347000, 298000 325000)))
B156   256  0  EMPTY
B157   257  0  EMPTY
B158   258  0  EMPTY
B159   259  0  EMPTY
B160   260  0  EMPTY
B161   261  0  EMPTY
B162   262  0  EMPTY
B163   263  0  EMPTY
B164   264  0  EMPTY
B165   265  0  EMPTY
B166   266  0  EMPTY
B167   267  0  EMPTY
B168   268  0  EMPTY
B169   269  0  EMPTY
B170   270  0  EMPTY
B171   271  0  EMPTY
B172   272  0  EMPTY
B173   273  0  EMPTY
B174   274  0  EMPTY
B175   275  0  EMPTY
B176   276  0  EMPTY
B177   277  0  EMPTY
B178   278  0  EMPTY
B179   279  0  EMPTY
B180   280  0  EMPTY
B181   281  0  EMPTY
B182   282  0  EMPTY
B183   283  0  EMPTY
B184   284  0  EMPTY
B185   285  0  EMPTY
B186   286  0  EMPTY
B187   287  0  EMPTY
B188   288  0  EMPTY
B189   289  0  EMPTY
B190   290  0  EMPTY
B191   291  0  EMPTY
B192   292  0  EMPTY
B193   293  0  EMPTY
B194   294  0  EMPTY
B195   295  0  EMPTY
B196   296  0  EMPTY
B197   297  0  EMPTY
B198   298  0  EMPTY
B199   299  0  EMPTY
B200   300  0  EMPTY
B201   301  0  EMPTY
B202   302  0  EMPTY
B203   303  0  EMPTY
B204   304  0  EMPTY
B205   305  0  EMPTY
B206   306  0  EMPTY
B207   307  0  EMPTY
B208   308  0  EMPTY
B209   309  0  EMPTY
B210   310  0  EMPTY
B211   311  0  EMPTY
B212   312  0  EMPTY
B213   313  0  EMPTY
B214   314  0  EMPTY
B215   315  0  EMPTY
B216   316  0  EMPTY
B217   317  0  EMPTY
B218   318  0  EMPTY
B219   319  0  EMPTY
B220   320  0  EMPTY
B221   321  0  EMPTY
B222   322  0  EMPTY
B223   323  0  EMPTY
B224   324  0  EMPTY
B225   325  0  EMPTY
B226   326  0  EMPTY
B227   327  0  EMPTY
B228   328  0  EMPTY
B229   329  0  EMPTY
B230   330  0  EMPTY
B231   331  0  EMPTY
B232   332  0  EMPTY
B233   333  0  EMPTY
B234   334  0  EMPTY
B235   335  0  EMPTY
B236   336  0  EMPTY
B237   337  0  EMPTY
B238   338  1  (((340000 620000, 362000 620000, 362000 636000, 359000 636000, 359000 639000, 357000 639000, 357000 650000, 340000 650000, 340000 620000)))
B239   339  0  EMPTY
B240   340  0  EMPTY
B241   341  0  EMPTY
B242   342  0  EMPTY
B243   343  0  EMPTY
B244   344  0  EMPTY
B245   345  0  EMPTY
B246   346  0  EMPTY
B247   347  0  EMPTY
B248   348  0  EMPTY
B249   349  0  EMPTY
B250   350  0  EMPTY
B251   351  0  EMPTY
B252   352  0  EMPTY
B253   353  0  EMPTY
B254   354  0  EMPTY
B255   355  0  EMPTY
B256   356  1  (((163000 625000, 183000 625000, 183000 645000, 163000 645000, 163000 625000)),((158000 603000, 178000 603000, 178000 626000, 158000 626000, 158000 603000)))
B257   357  0  EMPTY
B258   358  0  EMPTY
B259   359  0  EMPTY
B260   360  0  EMPTY
B261   361  0  EMPTY
B262   362  0  EMPTY
B263   363  0  EMPTY
B264   364  0  EMPTY
B265   365  0  EMPTY
B266   366  0  EMPTY
B267   367  0  EMPTY
B268   368  0  EMPTY
B269   369  0  EMPTY
B270   370  0  EMPTY
B271   371  1  (((342000 699000, 365000 699000, 365000 719000, 342000 719000, 342000 699000)),((364500 698500, 366500 698500, 366500 700500, 364500 700500, 364500 698500)),((330000 713000, 353000 713000, 353000 730000, 330000 730000, 330000 713000)))
B272   372  1  (((108000 747000, 131000 747000, 131000 767000, 108000 767000, 108000 747000)),((90000 735000, 110000 735000, 110000 755000, 90000 755000, 90000 735000)))
B273   373  1  (((124000 711000, 144000 711000, 144000 717000, 154000 717000, 154000 728200, 154550 728450, 154700 729300, 154000 729600, 154000 733000, 124000 733000, 124000 726400, 123800 726300, 123800 726200, 124000 726000, 124000 720300, 123700 719500, 123700 719000, 124000 718500, 124000 714400, 123500 714200, 123500 713800, 124000 713500, 124000 711000)),((131000 734000, 134000 734000, 134000 737000, 131000 737000, 131000 734000)))
B274   374  1  (((140000 737000, 160000 737000, 160000 760000, 140000 760000, 140000 737000)),((123000 734000, 143000 734000, 143000 757000, 129000 757000, 129000 747000, 123000 747000, 123000 734000)))
B275   375  1  (((156000 720000, 161000 720000, 162000 719600, 162500 719300, 163300 719300, 164000 720000, 176000 720000, 176000 743000, 163600 743000, 162400 743700, 159800 743700, 159000 743000, 156000 743000, 156000 720000)),((140000 726000, 150000 726000, 150000 720000, 160000 720000, 160000 743000, 140000 743000, 140000 726000)))
B276   376  1  (((179000 728000, 201000 728000, 201000 758000, 185000 758000, 185000 748000, 179000 748000, 179000 739500, 178600 739000, 178600 738800, 179000 738300, 179000 728000)),((177000 734000, 179500 734000, 179500 737500, 177000 737500, 177000 734000)))
B277   377  1  (((199000 725000, 219000 725000, 219000 745000, 199000 745000, 199000 725000)),((219000 725000, 239000 725000, 239000 748000, 219000 748000, 219000 725000)))
B278   378  1  (((237000 730000, 257000 730000, 257000 732200, 257500 732600, 257500 733800, 257100 734400, 257000 734400, 257000 750000, 237000 750000, 237000 730000)),((257000 730000, 277000 730000, 277000 744400, 277500 745000, 277520 745200, 277500 745500, 277300 745770, 277000 746000, 277000 753000, 257000 753000, 257000 734400, 256880 734200, 257000 733900, 257000 730000)))
B279   379  1  (((276000 727000, 296000 727000, 296000 750000, 276000 750000, 276000 727000)),((296000 727000, 313000 727000, 313000 750000, 296000 750000, 296000 727000)))
B280   380  1  (((313000 719000, 333000 719000, 333000 739000, 313000 739000, 313000 719000)),((327000 727000, 350000 727000, 350000 747000, 327000 747000, 327000 727000)))
B281   381  1  (((313000 739000, 331000 739000, 331000 744000, 343000 744000, 343000 761000, 313000 761000, 313000 739000)))
B282   382  1  (((350000 730000, 370000 730000, 370000 746500, 370900 748000, 370500 748800, 370000 749100, 370000 753000, 350000 753000, 350000 730000)),((362000 750000, 376000 750000, 376000 760000, 382000 760000, 382000 769100, 382600 769700, 382700 770000, 382700 770200, 382000 771000, 382000 773000, 362000 773000, 362000 750000)))
B283   383  1  (((154000 742500, 169000 742500, 169100 742300, 169300 742300, 169400 742500, 170000 742500, 171000 742000, 172000 741800, 172600 742500, 177000 742500, 177000 762500, 172000 762500, 171000 763000, 170800 763100, 170600 763000, 170100 762500, 154000 762500, 154000 742500)),((172000 740500, 172200 740500, 173000 740000, 173300 739800, 174000 740300, 174500 740500, 185000 740500, 185000 746500, 195000 746500, 195000 760500, 172000 760500, 172000 740500)))
B284   384  1  (((199000 745000, 229000 745000, 229000 764000, 209000 764000, 209000 767000, 205300 767000, 205200 767250, 205100 767330, 204800 767330, 204600 767200, 204550 767000, 199000 767000, 199000 745000)))
B285   385  1  (((228000 748000, 245000 748000, 245000 771000, 228000 771000, 228000 748000)),((243000 750000, 263000 750000, 263000 773000, 243000 773000, 243000 750000)))
B286   386  1  (((280000 748000, 300000 748000, 300000 768000, 280000 768000, 280000 748000)),((260000 748000, 280000 748000, 280000 771000, 260000 771000, 260000 748000)))
B287   387  1  (((300000 769000, 320000 769000, 320000 792000, 300000 792000, 300000 769000)),((300000 750000, 320000 750000, 320000 770000, 300000 770000, 300000 750000)))
B288   388  1  (((317000 777000, 340000 777000, 340000 797000, 317000 797000, 317000 777000)),((317000 761000, 340000 761000, 340000 778000, 317000 778000, 317000 761000)))
B289   389  1  (((340000 747000, 352000 747000, 352000 753000, 362000 753000, 362000 777000, 340000 777000, 340000 747000)))
B290   390  1  (((141000 760000, 161000 760000, 161000 777000, 151000 777000, 151000 783000, 141000 783000, 141000 760000)),((138500 778000, 143500 778000, 143500 782000, 138500 782000, 138500 778000)),((160000 760000, 160600 760000, 160800 759700, 161200 759700, 161500 760000, 180000 760000, 180000 783000, 160000 783000, 160000 760000)))
B291   391  1  (((180000 759000, 204000 759000, 204000 769000, 210000 769000, 210000 781000, 191600 781000, 191200 781400, 190900 781450, 190000 781450, 189300 781000, 180000 781000, 180000 759000)))
B292   392  1  (((205000 761000, 229000 761000, 229000 771000, 235000 771000, 235000 783000, 205000 783000, 205000 761000)))
B293   393  1  (((234000 768000, 249800 768000, 249800 767900, 249900 767800, 250800 767800, 251000 768000, 264000 768000, 264000 771500, 264800 772200, 264800 773500, 264000 774400, 264000 790000, 244000 790000, 244000 784000, 234000 784000, 234000 768000)))
B294   394  1  (((263000 767000, 280000 767000, 280000 790000, 263000 790000, 263000 780500, 262650 779550, 262600 777000, 263000 775800, 263000 767000)),((280000 767000, 300000 767000, 300000 790000, 280000 790000, 280000 767000)))
B295   395  1  (((340000 775000, 362000 775000, 362000 802000, 340000 802000, 340000 775000)))
B296   396  1  (((362000 770000, 386000 770000, 386000 774500, 389000 774500, 389000 787000, 392000 787000, 392000 792000, 362000 792000, 362000 770000)))
B297   397  1  (((128000 777000, 150000 777000, 150000 793000, 144000 793000, 144000 807000, 128000 807000, 128000 777000)),((114500 795000, 116500 795000, 116500 797000, 114500 797000, 114500 795000)),((119500 800000, 121000 800000, 121000 803000, 129500 803000, 129500 807000, 119500 807000, 119500 800000)))
B298   398  1  (((160000 779000, 180000 779000, 180000 802000, 166000 802000, 166000 792000, 160000 792000, 160000 779000)),((180000 779000, 200000 779000, 200000 802000, 180000 802000, 180000 779000)))
B299   399  1  (((198000 777500, 205500 777500, 207500 776500, 207500 773500, 215000 773500, 215000 779000, 220000 779000, 220000 803500, 198000 803500, 198000 777500)))
B300   400  1  (((217000 781000, 239000 781000, 239000 811000, 228000 811000, 228000 808500, 225000 808500, 225000 804000, 217000 804000, 217000 781000)))
B301   401  1  (((237000 780000, 249000 780000, 249000 786000, 259000 786000, 259000 810000, 237000 810000, 237000 780000)))
B302   402  1  (((258000 788000, 285000 788000, 285000 810000, 258000 810000, 258000 788000)))
B303   403  1  (((284000 806000, 307000 806000, 307000 823000, 284000 823000, 284000 806000)),((284000 787000, 299300 787000, 300000 786700, 300700 786700, 300850 787000, 307000 787000, 307000 807000, 284000 807000, 284000 787000)))
B304   404  1  (((303000 788000, 326000 788000, 326000 808000, 303000 808000, 303000 788000)),((303000 805000, 326000 805000, 326000 822000, 303000 822000, 303000 805000)))
B305   405  1  (((346000 796000, 366000 796000, 366000 819000, 346000 819000, 346000 796000)),((326000 796000, 335800 796000, 336000 795600, 336500 795200, 337000 795200, 337200 795300, 337700 796000, 346000 796000, 346000 816000, 326000 816000, 326000 796000)))
B306   406  1  (((378000 791000, 398000 791000, 398000 814000, 378000 814000, 378000 791000)),((361000 791000, 378000 791000, 378000 814000, 361000 814000, 361000 791000)))
B307   407  1  (((112000 836500, 124000 836500, 124000 836000, 125300 836000, 125600 836500, 134000 836500, 134000 866500, 124700 866500, 124500 866900, 124000 866900, 123900 867300, 122900 866500, 120000 866500, 120000 858000, 112000 858000, 112000 836500)))
B308   408  1  (((131000 850000, 153000 850000, 153000 870000, 149000 870000, 149000 873000, 147000 873000, 147000 875000, 145000 875000, 145000 880000, 131000 880000, 131000 850000)),((135000 879000, 140000 879000, 140000 882000, 135000 882000, 135000 879000)))
B309   409  1  (((147000 832000, 169000 832000, 169000 850000, 164000 850000, 164000 862000, 163500 862000, 163300 862300, 162700 862300, 162400 862000, 147000 862000, 147000 832000)),((159000 827000, 166500 827000, 166500 833700, 157500 833700, 157500 829000, 159000 827000)),((161000 860000, 164000 860000, 164000 863500, 161000 863500, 161000 860000)))
B310   410  1  (((127000 830000, 157000 830000, 157000 850000, 127000 850000, 127000 830000)))
B311   411  1  (((131500 822000, 135000 822000, 135000 817000, 138000 817000, 138000 815000, 142000 815000, 142000 811000, 152100 811000, 151300 810900, 151400 810900, 151500 811000, 161500 811000, 161500 820000, 162300 821200, 162300 823800, 161500 825000, 161500 833000, 160800 833000, 160700 833200, 160000 833300, 159300 833400, 158800 833000, 131500 833000, 131500 831000, 130900 830000, 131300 829000, 131500 828000, 131500 822000)))
B312   412  1  (((155000 799000, 167000 799000, 167000 805000, 173000 805000, 173000 815000, 177000 815000, 177000 829000, 158200 829000, 158000 829300, 157200 829300, 157000 829000, 155000 829000, 155000 799000)),((177000 817000, 180000 817000, 180000 823500, 180500 824000, 180500 824400, 180000 825000, 180000 826000, 177000 826000, 177000 817000)))
B313   413  1  (((174000 814000, 197000 814000, 197000 831000, 174000 831000, 174000 814000)),((170000 797000, 193000 797000, 193000 817000, 170000 817000, 170000 804500, 169700 803600, 169700 802500, 170000 801500, 170000 797000)))
B314   414  1  (((193000 800000, 216000 800000, 216000 817000, 193000 817000, 193000 800000)),((193000 813000, 216000 813000, 216000 833000, 193000 833000, 193000 813000)))
B315   415  1  (((215000 803500, 225000 803500, 225000 808500, 237000 808500, 237000 833500, 231200 833500, 230800 833900, 230500 833950, 229000 833950, 228100 833500, 227600 833500, 227000 833800, 226600 833800, 226100 833500, 215000 833500, 215000 803500)))
B316   416  1  (((254000 830000, 274000 830000, 274000 842000, 277000 842000, 277000 850000, 264000 850000, 264000 847000, 254000 847000, 254000 830000)),((237000 808000, 257000 808000, 257000 831000, 237000 831000, 237000 808000)))
B317   417  1  (((257000 810000, 284000 810000, 284000 832000, 257000 832000, 257000 810000)))
B318   418  1  (((274000 822000, 304000 822000, 304000 842000, 274000 842000, 274000 822000)))
B319   419  1  (((299000 819000, 322000 819000, 322000 839000, 299000 839000, 299000 819000)),((300000 835000, 323000 835000, 323000 852000, 300000 852000, 300000 835000)))
B320   420  1  (((345000 816000, 368000 816000, 368000 821600, 368400 822000, 368550 822200, 368550 822700, 368400 823000, 368000 823400, 368000 833000, 345000 833000, 345000 816000)),((322000 813000, 345000 813000, 345000 833000, 322000 833000, 322000 826200, 321500 825500, 322000 824900, 322000 813000)))
B321   421  1  (((386000 811000, 400000 811000, 400000 821000, 406000 821000, 406000 830700, 406250 830800, 406250 831100, 406000 831300, 406000 834000, 386000 834000, 386000 811000)),((366000 811000, 386000 811000, 386000 834000, 366000 834000, 366000 811000)))
B322   422  1  (((273000 840000, 300000 840000, 300000 862000, 296600 862000, 296000 862400, 296600 862550, 296000 862300, 295700 862000, 273000 862000, 273000 840000)))
B323   423  1  (((296000 851000, 326000 851000, 326000 873000, 306000 873000, 306000 867000, 296000 867000, 296000 851000)))
B324   424  1  (((325000 850000, 345000 850000, 345000 870000, 325000 870000, 325000 850000)),((322000 833000, 345000 833000, 345000 853000, 322000 853000, 322000 833000)))
B325   425  1  (((345000 833000, 368000 833000, 368000 850000, 345000 850000, 345000 833000)),((345000 850000, 368000 850000, 368000 870000, 345000 870000, 345000 850000)))
B326   426  1  (((368000 848000, 391000 848000, 391000 868000, 368000 868000, 368000 865000, 367600 864400, 367600 863600, 368000 863000, 368000 848000)),((368000 831000, 391000 831000, 391000 848000, 368000 848000, 368000 831000)))
B327   427  1  (((391000 831000, 414000 831000, 414000 843000, 414100 843200, 414000 843400, 414000 845200, 414500 845700, 414500 846300, 414000 846900, 414000 848000, 391000 848000, 391000 831000)),((391000 848000, 414000 848000, 414000 868000, 391000 868000, 391000 848000)))
B328   428  1  (((168000 827000, 191000 827000, 191000 847000, 168000 847000, 168000 827000)),((168000 845000, 191000 845000, 191000 859000, 181000 859000, 181000 865000, 173300 865000, 173100 865200, 172900 865000, 168000 865000, 168000 850000, 167700 849200, 168000 848500, 168000 845000)))
B329   429  1  (((190000 830000, 212000 830000, 212000 839000, 213000 839500, 213000 840500, 212000 841000, 212000 857000, 190000 857000, 190000 830000)))
B330   430  1  (((210000 830000, 232000 830000, 232000 857000, 210000 857000, 210000 830000)))
B331   431  1  (((232000 829000, 251000 829000, 252000 828700, 253000 828500, 253300 828450, 254000 829000, 254000 856000, 232000 856000, 232000 829000)))
B332   432  1  (((252000 846000, 272000 846000, 272000 852000, 282000 852000, 282000 868000, 252000 868000, 252000 846000)))
B333   433  1  (((172500 865000, 175500 865000, 175500 860000, 178000 860000, 178000 856500, 185000 856500, 185000 854500, 187500 854500, 188000 854000, 188750 853950, 189000 853960, 189500 854100, 190000 854500, 202500 854500, 202500 860000, 203100 861000, 203300 862000, 203200 863000, 203000 863550, 202500 864000, 202500 876500, 181000 876500, 180750 877100, 179900 877100, 179500 876500, 172500 876500, 172500 869000, 172000 868500, 172000 867500, 172500 867000, 172500 865000)))
B334   434  1  (((172000 870000, 194000 870000, 194000 900000, 182000 900000, 182000 894000, 172000 894000, 172000 870000)))
B335   435  1  (((193000 876000, 213000 876000, 213000 899000, 202100 899000, 201800 899650, 200800 899650, 200000 899200, 199900 899000, 193000 899000, 193000 876000)),((200000 857000, 217000 857000, 217000 880000, 200000 880000, 200000 857000)))
B336   436  1  (((212000 876000, 232000 876000, 232000 896000, 212000 896000, 212000 876000)),((215000 857000, 235000 857000, 235000 880000, 215000 880000, 215000 857000)))
B337   437  1  (((232000 856000, 245200 856000, 245500 855650, 247000 855650, 247400 856000, 255000 856000, 255000 857500, 255300 858200, 255500 859100, 255550 859400, 255500 860000, 255000 860800, 255000 876000, 232000 876000, 232000 856000)),((232000 876000, 255000 876000, 255000 893000, 232000 893000, 232000 876000)))
B338   438  1  (((255000 868000, 262200 868000, 262500 867700, 262900 867550, 263100 867550, 263800 868000, 275000 868000, 275000 884000, 275150 884200, 275150 884400, 275000 884600, 275000 889000, 275350 889250, 275350 889750, 275000 890000, 275000 891000, 261500 891000, 261200 891700, 260899 891700, 260000 891000, 255000 891000, 255000 868000)),((274500 868000, 286000 868000, 286000 874000, 288900 876000, 294500 876000, 294500 885000, 295000 886000, 295300 887000, 295500 888000, 295000 888700, 294500 889000, 294500 891000, 274500 891000, 274500 868000)))
B339   439  1  (((210000 894000, 211200 894000, 213000 893300, 213800 893600, 214500 894000, 230000 894000, 230000 917000, 227300 917000, 227000 917260, 226800 917350, 226400 917350, 226000 917000, 210000 917000, 210000 898400, 209000 897600, 209000 897300, 210000 896500, 210000 894000)),((190000 899000, 208500 899000, 209000 898500, 210000 898500, 210200 898800, 210000 899000, 210000 899200, 210500 899900, 210000 900400, 210000 922000, 209900 922600, 209800 922800, 209500 923000, 209000 922700, 207700 922000, 206300 922000, 206000 922300, 204700 922300, 203900 922000, 195000 922000, 195000 910000, 190000 910000, 190000 899000)))
B340   440  1  (((230000 891000, 246150 891000, 246900 890600, 247900 891000, 250000 891000, 250000 914000, 230000 914000, 230000 891000)),((233000 912000, 250000 912000, 250000 935000, 233000 935000, 233000 912000)))
B341   441  1  (((272000 890000, 278250 890000, 279500 889200, 280500 889200, 281000 889350, 281500 889600, 281800 890000, 285000 890000, 285000 896000, 295000 896000, 295000 910000, 272000 910000, 272000 890000)),((249000 890000, 272000 890000, 272000 910000, 249000 910000, 249000 890000)))
B342   442  1  (((220000 913000, 237000 913000, 237000 936000, 220000 936000, 220000 913000)),((200000 913000, 220000 913000, 220000 936000, 200000 936000, 200000 913000)))
B343   443  1  (((250000 908000, 272000 908000, 272000 935000, 250000 935000, 250000 908000)))
B344   444  1  (((294000 910000, 294400 910000, 295000 909600, 296100 909400, 297500 910000, 307000 910000, 307000 916000, 317000 916000, 317000 929100, 317300 929300, 317500 930000, 294000 930000, 294000 910000)),((271000 910000, 294000 910000, 294000 930000, 271000 930000, 271000 910000)))
B345   445  1  (((212000 930500, 239000 930500, 239000 952500, 212000 952500, 212000 938200, 211800 938000, 211800 937500, 212000 937400, 212000 930500)))
B346   446  1  (((216000 952500, 217800 952500, 218200 952300, 219000 952300, 219600 952500, 224700 952500, 225900 952100, 225400 952050, 225550 952100, 226200 952500, 246000 952500, 246000 971000, 241000 971000, 241000 974400, 226800 974500, 226000 975200, 225200 975200, 224800 974500, 223000 974500, 223000 968000, 216000 968000, 216000 952500)))
B347   447  1  (((242000 950000, 262000 950000, 262000 970000, 242000 970000, 242000 950000)),((239000 932500, 262000 932500, 262000 952500, 239000 952500, 239000 932500)))
B348   448  1  (((258000 950000, 281000 950000, 281000 970000, 279000 970000, 279000 967000, 258000 967000, 258000 950000)),((258000 930000, 281000 930000, 281000 950000, 258000 950000, 258000 930000)))
B349   449  1  (((280000 950000, 300000 950000, 300000 970000, 280000 970000, 280000 950000)),((280000 930000, 303000 930000, 303000 950000, 280000 950000, 280000 930000)))
B350   450  1  (((319000 933000, 319200 932750, 319500 932750, 319900 932550, 320400 932550, 321600 933000, 330000 933000, 330000 936000, 333000 936000, 333000 940000, 336000 940000, 336000 944000, 339000 944000, 339000 954000, 339150 954200, 339150 954800, 339000 955000, 339000 956000, 319000 956000, 319000 933000)),((300000 930000, 314300 930000, 314500 929800, 315000 929600, 315200 929300, 315600 929100, 317100 929100, 317800 930000, 320000 930000, 320000 953000, 300000 953000, 300000 930000)))
B351   451  1  (((300000 952000, 320000 952000, 320000 972000, 300000 972000, 300000 952000)),((333500 975500, 336500 975500, 336500 979000, 333500 979000, 333500 975500)),((318000 956000, 341000 956000, 341000 976000, 322000 976000, 321000 977000, 320000 977000, 319000 976500, 318300 976000, 318000 976000, 318000 956000)))
B352   452  1  (((61000 793000, 81000 793000, 81000 811800, 81300 812800, 81000 813050, 81000 816000, 61000 816000, 61000 797800, 60500 796600, 60300 796400, 60500 796100, 61000 796000, 61000 793000)),((82500 810500, 84000 810500, 84000 812000, 82500 812000, 82500 810500)),((53000 779000, 73000 779000, 73000 799000, 53000 799000, 53000 779000)))
B353   453  1  (((70000 813000, 82300 813000, 82700 812500, 83700 812500, 83900 813000, 85000 813000, 85000 825000, 90000 825000, 90000 836000, 70000 836000, 70000 813000)),((77500 807000, 81500 807000, 81500 813000, 77500 813000, 77500 807000)),((73000 835500, 93000 835500, 93000 858500, 73000 858500, 73000 835500)))
B354   454  1  (((62500 858000, 77300 858000, 78000 857400, 78700 857500, 79300 857500, 79820 858000, 82500 858000, 82500 878400, 81400 878400, 81000 878000, 62500 878000, 62500 858000)),((59000 880000, 62000 880000, 62000 883000, 59000 883000, 59000 880000)),((57000 860000, 65300 860000, 65300 863250, 64000 864000, 60000 864000, 60000 865000, 57000 865000, 57000 860000)),((82000 858500, 85000 858500, 87000 858350, 89000 858200, 91800 858200, 92000 858500, 102000 858500, 102000 878000, 102500 879000, 102900 880700, 102000 881500, 82000 881500, 82000 858500)),((88000 879000, 95000 879000, 95000 884000, 90000 884000, 88000 881000, 88000 879000)),((84000 880000, 87000 880000, 87000 883100, 87200 883200, 87000 883800, 87000 884500, 85000 884500, 84000 883000, 84000 880000)))
B355   455  1  (((95000 881500, 103750 881500, 104400 881350, 104950 881500, 119000 881500, 119000 891500, 125000 891500, 125000 903500, 104000 903500, 103700 903700, 103300 903700, 103000 903500, 95000 903500, 95000 881500)),((86500 886000, 91500 886000, 91500 892000, 86500 892000, 86500 886000)),((93000 893500, 96000 893500, 96000 895000, 93000 895000, 93000 893500)))
B356   456  1  (((95000 900000, 125000 900000, 125000 920000, 95000 920000, 95000 916500, 94700 916300, 94900 916000, 95000 914950, 95000 900000)),((86500 910500, 89500 910500, 89500 912500, 86500 912500, 86500 910500)))
B357   457  1  (((122500 900000, 137500 900000, 137500 896000, 144500 896000, 144500 926000, 122500 926000, 122500 900000))
B358   458  1  (((97000 919000, 124000 919000, 124000 941000, 97000 941000, 97000 919000)),((110800 940000, 115500 940000, 115500 944200, 110800 944200, 110800 940000)))
B359   459  1  (((116000 924000, 139000 924000, 139000 944000, 116000 944000, 116000 924000)),((138000 924000, 158000 924000, 158000 944000, 138000 944000, 138000 924000)))
B360   460  1  (((117000 940000, 137000 940000, 137000 960000, 117000 960000, 117000 940000)),((68500 944500, 74500 944500, 74500 947500, 68500 947500, 68500 944500)),((5000 896000, 14000 896000, 14000 903000, 5000 903000, 5000 896000)),((14000 904000, 17000 904000, 17000 907000, 14000 907000, 14000 904000)),((137000 944000, 157000 944000, 157000 967000, 137000 967000, 137000 944000)),((161000 1029500, 163000 1029500, 163000 1031500, 161000 1031500, 161000 1029500)),((179500 1031000, 182500 1031000, 182500 1034000, 179500 1034000, 179500 1031000)))
B361   461  1  (((342000 1000000, 362000 1000000, 362000 1023000, 346000 1023000, 345700 1023300, 344500 1023300, 344300 1023000, 342000 1023000, 342000 1000000)),((334000 977000, 346100 977000, 346900 976500, 347400 976500, 348200 977000, 349000 977000, 349000 989000, 354000 989000,354000 1000000,334000 1000000,334000 977000)))
B362   462  1  (((317000 987500, 344000 987500, 344000 1009500, 317000 1009500, 317000 987500)),((255000 1017500, 257000 1017500, 257000 1018500, 255000 1018500, 255000 1017500)),((261000 1024000, 263000 1024000, 263000 1025000, 261000 1025000, 261000 1024000)))
B363   463  1  (((321500 1003000, 331000 1003000, 331500 1002900, 332000 1003000, 343500 1003000, 343500 1030000, 332100 1030000, 331800 1030599, 329000 1030599, 328800 1030000, 321500 1030000, 321500 1003000)))
B364   464  1  (((335500 1026000, 340000 1026000, 343000 1025000, 345000 1025000, 346000 1026000, 357500 1026000, 357500 1044000, 352000 1044000, 352000 1056000, 335500 1056000, 335500 1030000, 335400 1029000, 335500 1028500, 335500 1026000)))
B365   465  1  (((359500 1033500, 360100 1033500, 360400 1033099, 360900 1033099, 361000 1033500, 379500 1033500, 379500 1056500, 378700 1056500, 378500 1057000, 378000 1057200, 377500 1057000, 377400 1056500, 369500 1056500, 369500 1050500, 359500 1050500, 359500 1033500)),((350000 1018000, 370000 1018000, 370000 1041000, 350000 1041000, 350000 1018000)),((366000 1015000, 369000 1015000, 369000 1018000, 366000 1018000, 366000 1015000)))
B366   466  1  (((433000 1126000, 456000 1126000, 456000 1146000, 433000 1146000, 433000 1126000)),((428000 1107000, 448000 1107000, 448000 1127000, 428000 1127000, 428000 1107000)),((419000 1068500, 423000 1068500, 423000 1074500, 419000 1074500, 419000 1068500)))
B367   467  1  (((433000 1140000, 453000 1140000, 453000 1160000, 433000 1160000, 433000 1140000)),((413500 1140000, 433500 1140000, 433500 1163000, 413500 1163000, 413500 1140000)),((393000 1136000, 398500 1136000, 398500 1142000, 393000 1142000, 393000 1136000)))
B368   468  1  (((440000 1158000, 470000 1158000, 470000 1171200, 470700 1172000, 470000 1172300, 470000 1174000, 460000 1174000, 460000 1180000, 440000 1180000, 440000 1158000)))
B369   469  1  (((420000 1177700, 443000 1177700, 443000 1180800, 443200 1181000, 443200 1181400, 443000 1181500, 443000 1197700, 438000 1197700, 437600 1198200, 437300 1198200, 437300 1197700, 426000 1197700, 426000 1187700, 420000 1187700, 420000 1177700)),((420000 1160000, 443000 1160000, 443000 1180000, 420000 1180000, 420000 1160000)),((409000 1164500, 411000 1164500, 411000 1166000, 409000 1166000, 409000 1164500)))
B370   470  1  (((447000 1197000, 467000 1197000, 467000 1215000, 468000 1215300, 468000 1215800, 467000 1216200, 467000 1216900, 467500 1217100, 467400 1217700, 467000 1217900, 467000 1220000, 461800 1220000, 461500 1220500, 461100 1220500, 460700 1220000, 453000 1220000, 453000 1210000, 447000 1210000, 447000 1197000)), ((443000 1177000, 456000 1177000, 456000 1186000, 463000 1186000, 463000 1200000, 443000 1200000, 443000 1177000)), ((462000 1187000, 468000 1187000, 468000 1195000, 462000 1195000, 462000 1187000)))
B371   OL1  1  (((410000 380000, 432000 380000, 432000 405000, 432400 405000, 432400 406600, 432000 407000, 432000 410000, 410000 410000, 410000 380000)),((393000 380000, 415000 380000, 415000 410000, 396000 410000, 396000 390000, 393000 390000, 393000 380000)))
B372   OL2  0  EMPTY
B373   OL3  2  (((448000 99000, 456000 99000, 456000 97000, 470000 97000, 470000 125000, 448000 125000, 448000 101700, 447600 101700, 447600 101300, 448000 101100, 448000 99000)))
B374   OL4  0  EMPTY
B375   OL5  0  EMPTY
B376   OL6  0  EMPTY
B377   OL7  1  (((330000 489000, 360000 489000, 360000 511000, 330000 511000, 330000 489000)))
B378   OL8  2  (((468000 97000, 477000 97000, 483000 93000, 483000 92000, 490000 92000, 490000 122000, 468000 122000, 468000 97000)))
B379   OL9  0  EMPTY
B380  OL10  2  (((490000 98000, 490000 97600, 494200 97600, 494200 98000, 517000 98000, 517000 120000, 490000 120000, 490000 98000)))
B381  OL11  2  (((517000 102000, 537000 102000, 537000 99000, 547000 99000, 547000 121000, 517000 121000, 517000 102000)))
B382  OL12  0  EMPTY
B383  OL13  1  (((310000 205000, 340000 205000, 340000 225000, 310000 225000, 310000 205000)),((310000 223000, 340000 223000, 340000 245000, 310000 245000, 310000 223000)))
B384  OL14  0  EMPTY
B385  OL15  0  EMPTY
B386  OL16  0  EMPTY
B387  OL17  0  EMPTY
B388  OL18  0  EMPTY
B389  OL19  0  EMPTY
B390  OL20  0  EMPTY
B391  OL21  0  EMPTY
B392  OL22  0  EMPTY
B393  OL23  1  (((256000 290000, 278000 290000, 278000 320000, 256000 320000, 256000 290000)),((276000 309000, 298000 309000, 298000 336000, 293600 336000, 292800 336700, 291900 336700, 291200 336000, 276000 336000, 276000 309000)))
B394  OL24  0  EMPTY
B395  OL25  2  (((543000 95000, 565000 95000, 565000 122000, 543000 122000, 543000 106000, 542700 106000, 542700 103400, 543000 103400, 543000 95000)))
B396  OL26  0  EMPTY
B397  OL27  0  EMPTY
B398  OL28  0  EMPTY
B399  OL29  1  (((445000 75000, 467000 75000, 467000 105000, 445000 105000, 445000 75000)),((429000 81000, 439000 81000, 439000 75000, 451000 75000, 451000 105000, 429000 105000, 429000 81000)))
B400  OL30  0  EMPTY
B401  OL31  0  EMPTY
B402  OL32  2  (((440000 120000, 470000 120000, 470000 140000, 440000 140000, 440000 120000)))
B403  OL33  2  (((470000 120000, 500000 120000, 500000 140000, 470000 140000, 470000 120000)))
B404  OL34  2  (((500000 120000, 530000 120000, 530000 140000, 500000 140000, 500000 120000)))
B405  OL35  0  EMPTY
B406  OL36  0  EMPTY
B407  OL37  0  EMPTY
B408  OL38  0  EMPTY
B409  OL39  0  EMPTY
B410  OL40  0  EMPTY
B411  OL41  0  EMPTY
B412  OL42  0  EMPTY
B413  OL43  1  (((358000 550000, 380000 550000, 380000 580000, 358000 580000, 358000 550000)),((380000 550000, 400000 550000, 400000 580000, 380000 580000, 380000 550000)))
B414  OL44  2  (((278000 60000, 296500 60000, 296500 76000, 300000 76000, 300000 90000, 278000 90000, 278000 60000)))
B415  OL45  0  EMPTY
B416  OL46  0  EMPTY
B417  OL47  0  EMPTY
B418  OL48  1  (((237000 730000, 257000 730000, 257000 732200, 257500 732600, 257500 733800, 257100 734400, 257000 734400, 257000 750000, 237000 750000, 237000 730000)),((257000 730000, 277000 730000, 277000 744400, 277500 745000, 277520 745200, 277500 745500, 277300 745770, 277000 746000, 277000 753000, 257000 753000, 257000 734400, 256880 734200, 257000 733900, 257000 730000)))
B419  OL49  0  EMPTY
B420  OL50  0  EMPTY
B421  OL51  0  EMPTY
B422  OL52  0  EMPTY
B423  OL53  0  EMPTY
B424  OL54  0  EMPTY
B425  OL55  2  (((237000 780000, 249000 780000, 249000 786000, 259000 786000, 259000 810000, 237000 810000, 237000 780000)))
B426  OL56  2  (((258000 788000, 285000 788000, 285000 810000, 258000 810000, 258000 788000)))
B427  OL57  2  (((284000 806000, 307000 806000, 307000 823000, 284000 823000, 284000 806000)),((284000 787000, 299300 787000, 300000 786700, 300700 786700, 300850 787000, 307000 787000, 307000 807000, 284000 807000, 284000 787000)))
B428  OL58  2  (((303000 788000, 326000 788000, 326000 808000, 303000 808000, 303000 788000)),((303000 805000, 326000 805000, 326000 822000, 303000 822000, 303000 805000)))
B429  OL59  2  (((346000 796000, 366000 796000, 366000 819000, 346000 819000, 346000 796000)),((326000 796000, 335800 796000, 336000 795600, 336500 795200, 337000 795200, 337200 795300, 337700 796000, 346000 796000, 346000 816000, 326000 816000, 326000 796000)))
B430  OL60  2  (((274000 822000, 304000 822000, 304000 842000, 274000 842000, 274000 822000)))
B431  OL61  2  (((299000 819000, 322000 819000, 322000 839000, 299000 839000, 299000 819000)),((300000 835000, 323000 835000, 323000 852000, 300000 852000, 300000 835000)))
B432  OL62  2  (((345000 816000, 368000 816000, 368000 821600, 368400 822000, 368550 822200, 368550 822700, 368400 823000, 368000 823400, 368000 833000, 345000 833000, 345000 816000)),((322000 813000, 345000 813000, 345000 833000, 322000 833000, 322000 826200, 321500 825500, 322000 824900, 322000 813000)))
