A001    1    0  (((429000 1179000, 469000 1179000, 469000 1219000, 429000 1219000, 429000 1179000)))                                                                                                                                                                                                                        
A002    2    0  (((433000 1156000, 473000 1156000, 473000 1196000, 433000 1196000, 433000 1156000)))                                                                                                                                                                                                                        
A003    3    0  (((414000 1147000, 454000 1147000, 454000 1187000, 414000 1187000, 414000 1147000)),((409000 1161000, 416000 1161000, 416000 1167000, 409000 1167000, 409000 1161000)))                                                                                                                                                                                                                        
A004    4    0  (((420000 1107000, 460000 1107000, 460000 1147000, 420000 1147000, 420000 1107000)),((392000 1135000, 400000 1135000, 400000 1143000, 392000 1143000, 392000 1135000)),((417000 1068000, 425000 1068000, 425000 1076000, 417000 1076000, 417000 1068000)))                                                                                                                                                                                                                        
A005    5    0  (((340000 1020000, 380000 1020000, 380000 1060000, 340000 1060000, 340000 1020000)),((366000 1015000, 369000 1015000, 369000 1018000, 366000 1018000, 366000 1015000)))                                                                                                                                                                                                                        
A006    6    0  (((321000 996000, 361000 996000, 361000 1036000, 321000 1036000, 321000 996000)),((261000 1023000, 264000 1023000, 264000 1025000, 261000 1025000, 261000 1023000)),((255000 1017000, 258000 1017000, 258000 1019000, 255000 1019000, 255000 1017000)))                                                                                                                                                                                                                        
A007    7    0  (((315000 970000, 355000 970000, 355000 1010000, 315000 1010000, 315000 970000)))                                                                                                                                                                                                                           
A008    8    0  (((117000 926000, 157000 926000, 157000 966000, 153000 966000, 153000 967000, 151000 967000, 151000 966000, 117000 966000, 117000 926000)),((179000 1030000, 184000 1030000, 184000 1035000, 179000 1035000, 179000 1030000)),((159000 1028000, 164000 1028000, 164000 1033000, 159000 1033000, 159000 1028000)))                                                                                                                                                                                                                        
A009    9    0  (((212000 940000, 252000 940000, 252000 980000, 212000 980000, 212000 940000)))                                                                                                                                                                                                                             
A010   10    0  (((252000 940000, 292000 940000, 292000 980000, 252000 980000, 252000 940000)))                                                                                                                                                                                                                             
A011   11    0  (((292000 929000, 332000 929000, 332000 969000, 292000 969000, 292000 929000)))                                                                                                                                                                                                                             
A012   12    0  (((300000 939000, 340000 939000, 340000 979000, 300000 979000, 300000 939000)))                                                                                                                                                                                                                             
A013   13    0  (((95000 903000, 135000 903000, 135000 943000, 95000 943000, 95000 903000)),((68000 945000, 74000 945000, 74000 947000, 68000 947000, 68000 945000)),((87000 910000, 89000 910000, 89000 912000, 87000 912000, 87000 910000)))                                                                                                                                                                                                                                  
A014   14    0  (((105000 886000, 145000 886000, 145000 926000, 105000 926000, 105000 886000)))                                                                                                                                                                                                                             
A015   15    0  (((196000 900000, 236000 900000, 236000 940000, 196000 940000, 196000 900000)),((190000 901000, 194000 901000, 194000 906000, 190000 906000, 190000 901000)))                                                                                                                                                                                                                             
A016   16    0  (((236000 900000, 276000 900000, 276000 940000, 236000 940000, 236000 900000)))                                                                                                                                                                                                                             
A017   17    0  (((276000 900000, 316000 900000, 316000 940000, 276000 940000, 276000 900000)))                                                                                                                                                                                                                             
A018   18    0  (((69000 863000, 109000 863000, 109000 903000, 69000 903000, 69000 863000)),((5000 896000, 17000 896000, 17000 907000, 5000 907000, 5000 896000)),((59000 880000, 63000 880000, 63000 883000, 59000 883000, 59000 880000)),((64000 866000, 70000 866000, 70000 872000, 64000 872000, 64000 866000)))                                                                                                                                                                                                                                  
A019   19    0  (((174000 860000, 214000 860000, 214000 900000, 210300 900000, 210000 900300, 208500 900300, 208150 900000, 174000 900000, 174000 892300, 172000 892000, 172000 866000, 174000 866000, 174000 860000)))                                                                                                                                                                                                                             
A020   20    0  (((214000 860000, 254000 860000, 254000 900000, 214000 900000, 214000 860000)))                                                                                                                                                                                                                             
A021   21    0  (((254000 860000, 294000 860000, 294000 900000, 254000 900000, 254000 860000)))                                                                                                                                                                                                                             
A022   22    0  (((57000 823000, 97000 823000, 97000 863000, 57000 863000, 57000 823000)),((56000 863000, 59000 863000, 59000 866000, 56000 866000, 56000 863000)))                                                                                                                                                                                                                                  
A023   23    0  (((113000 836000, 128000 836000, 129000 835400, 132000 835400, 133000 836000, 153000 836000, 153000 876000, 145000 876000, 145000 877000, 139000 877000, 139000 876000, 113000 876000, 113000 851000, 112500 850000, 112500 847000, 113000 846000, 113000 836000)),((135000 876000, 145000 876000, 145000 882000, 135000 882000, 135000 876000)))                                                                                                                                                                                                                             
A024   24    0  (((150000 830000, 190000 830000, 190000 870000, 150000 870000, 150000 830000)))                                                                                                                                                                                                                             
A025   25    0  (((190000 820000, 230000 820000, 230000 860000, 190000 860000, 190000 820000)))                                                                                                                                                                                                                             
A026   26    0  (((230000 820000, 270000 820000, 270000 860000, 230000 860000, 230000 820000)))                                                                                                                                                                                                                             
A027   27    0  (((270000 830000, 310000 830000, 310000 870000, 270000 870000, 270000 830000)))                                                                                                                                                                                                                             
A028   28    0  (((310000 833000, 350000 833000, 350000 873000, 310000 873000, 310000 833000)))                                                                                                                                                                                                                             
A029   29    0  (((345000 830000, 385000 830000, 385000 870000, 345000 870000, 345000 830000)))                                                                                                                                                                                                                             
A030   30    0  (((377000 830000, 417000 830000, 417000 870000, 377000 870000, 377000 830000)))                                                                                                                                                                                                                             
A031   31    0  (((50000 783000, 90000 783000, 90000 823000, 50000 823000, 50000 783000)),((53000 778000, 59000 778000, 59000 786000, 53000 786000, 53000 778000)))                                                                                                                                                                                                                                  
A032   32    0  (((130000 800000, 156000 800000, 156000 799000, 158000 799000, 158000 800000, 170000 800000, 170000 832000, 170800 834000, 170000 836000, 170000 840000, 130000 840000, 130000 800000)))                                                                                                                                                                                                                             
A033   33    0  (((170000 790000, 210000 790000, 210000 830000, 170000 830000, 170000 790000)))                                                                                                                                                                                                                             
A034   34    0  (((210000 780000, 250000 780000, 250000 820000, 210000 820000, 210000 780000)))                                                                                                                                                                                                                             
A035   35    0  (((250000 790000, 290000 790000, 290000 830000, 250000 830000, 250000 790000)))                                                                                                                                                                                                                             
A036   36    0  (((285000 793000, 325000 793000, 325000 833000, 285000 833000, 285000 793000)))                                                                                                                                                                                                                             
A037   37    0  (((325000 793000, 365000 793000, 365000 833000, 325000 833000, 325000 793000)))                                                                                                                                                                                                                             
A038   38    0  (((365000 790000, 405000 790000, 405000 830000, 365000 830000, 365000 790000)))                                                                                                                                                                                                                             
A039   39    0  (((120000 770000, 160000 770000, 160000 810000, 120000 810000, 120000 770000)),((114000 795000, 118000 795000, 118000 798000, 114000 798000, 114000 795000)))                                                                                                                                                                                                                             
A040   40    0  (((160000 760000, 200000 760000, 200000 800000, 160000 800000, 160000 760000)))                                                                                                                                                                                                                             
A041   41    0  (((200000 750000, 240000 750000, 240000 790000, 200000 790000, 200000 750000)))                                                                                                                                                                                                                             
A042   42    0  (((240000 750000, 280000 750000, 280000 790000, 240000 790000, 240000 750000)))                                                                                                                                                                                                                             
A043   43    0  (((280000 760000, 320000 760000, 320000 800000, 280000 800000, 280000 760000)))                                                                                                                                                                                                                             
A044   44    0  (((320000 760000, 360000 760000, 360000 800000, 320000 800000, 320000 760000)))                                                                                                                                                                                                                             
A045   45    0  (((360000 760000, 400000 760000, 400000 800000, 360000 800000, 360000 760000)))                                                                                                                                                                                                                             
A046   46    0  (((92000 733000, 132000 733000, 132000 734000, 133300 735000, 133000 736000, 132000 736500, 132000 773000, 92000 773000, 92000 749500, 91900 749000, 91100 748000, 92000 747000, 92000 733000)))                                                                                                                                                                                                                                
A047   47    0  (((120000 733000, 160000 733000, 160000 773000, 120000 773000, 120000 733000)))                                                                                                                                                                                                                             
A048   48    0  (((120000 710000, 160000 710000, 160000 750000, 120000 750000, 120000 710000)))                                                                                                                                                                                                                             
A049   49    0  (((160000 720000, 162750 719200, 164000 720000, 200000 720000, 200000 760000, 160000 760000, 160000 720000)))                                                                                                                                                                                                                             
A050   50    0  (((200000 710000, 240000 710000, 240000 750000, 200000 750000, 200000 710000)))                                                                                                                                                                                                                             
A051   51    0  (((240000 720000, 280000 720000, 280000 760000, 240000 760000, 240000 720000)))                                                                                                                                                                                                                             
A052   52    0  (((270000 720000, 310000 720000, 310000 760000, 270000 760000, 270000 720000)))                                                                                                                                                                                                                             
A053   53    0  (((294000 720000, 334000 720000, 334000 760000, 294000 760000, 294000 720000)))                                                                                                                                                                                                                             
A054   54    0  (((334000 720000, 374000 720000, 374000 760000, 334000 760000, 334000 720000)))                                                                                                                                                                                                                             
A055   55    0  (((164000 680000, 204000 680000, 204000 720000, 178000 720000, 176000 720600, 174000 720600, 172700 720000, 164000 720000, 164000 711000, 163000 711000, 163000 708000, 164000 708000, 164000 680000)))                                                                                                                                                                                                                             
A056   56    0  (((204000 682000, 244000 682000, 244000 722000, 204000 722000, 204000 682000)))                                                                                                                                                                                                                             
A057   57    0  (((244000 682000, 284000 682000, 284000 722000, 244000 722000, 244000 682000)))                                                                                                                                                                                                                             
A058   58    0  (((284000 690000, 324000 690000, 324000 730000, 284000 730000, 284000 690000)))                                                                                                                                                                                                                             
A059   59    0  (((324000 690000, 364000 690000, 364000 730000, 341000 730000, 341000 731000, 339000 731000, 339000 730000, 324000 730000, 324000 690000)),((363000 698000, 367000 698000, 367000 701000, 363000 701000, 363000 698000)))                                                                                                                                                                                                                             
A060   60    0  (((110000 640000, 150000 640000, 150000 680000, 110000 680000, 110000 640000)))                                                                                                                                                                                                                             
A061   61    0  (((131000 662000, 171000 662000, 171000 702000, 131000 702000, 131000 662000)))                                                                                                                                                                                                                             
A062   62    0  (((160000 640000, 200000 640000, 200000 680000, 160000 680000, 160000 640000)))                                                                                                                                                                                                                             
A063   63    0  (((200000 642000, 240000 642000, 240000 682000, 200000 682000, 200000 642000)))                                                                                                                                                                                                                             
A064   64    0  (((240000 645000, 280000 645000, 280000 685000, 240000 685000, 240000 645000)))                                                                                                                                                                                                                             
A065   65    0  (((280000 650000, 320000 650000, 320000 690000, 280000 690000, 280000 650000)))                                                                                                                                                                                                                             
A066   66    0  (((316000 650000, 356000 650000, 356000 690000, 316000 690000, 316000 650000)))                                                                                                                                                                                                                             
A067   67    0  (((356000 650000, 396000 650000, 396000 690000, 356000 690000, 356000 650000)))                                                                                                                                                                                                                             
A068   68    0  (((157000 600000, 197000 600000, 197000 640000, 157000 640000, 157000 600000)))                                                                                                                                                                                                                             
A069   69    0  (((175000 613000, 215000 613000, 215000 650000, 216000 650000, 216000 653200, 215000 653200, 214000 653000, 175000 653000, 175000 613000)))                                                                                                                                                                                                                             
A070   70    0  (((215000 605000, 255000 605000, 255000 645000, 215000 645000, 215000 605000)))                                                                                                                                                                                                                             
A071   71    0  (((255000 605000, 295000 605000, 295000 645000, 255000 645000, 255000 605000)))                                                                                                                                                                                                                             
A072   72    0  (((280000 620000, 320000 620000, 320000 660000, 280000 660000, 280000 620000)))                                                                                                                                                                                                                             
A073   73    0  (((320000 620000, 360000 620000, 360000 660000, 320000 660000, 320000 620000)))                                                                                                                                                                                                                             
A074   74    0  (((357000 620000, 397000 620000, 397000 660000, 357000 660000, 357000 620000)))                                                                                                                                                                                                                             
A075   75    0  (((390000 620000, 430000 620000, 430000 660000, 390000 660000, 390000 620000)))                                                                                                                                                                                                                             
A076   76    0  (((195000 570000, 235000 570000, 235000 610000, 195000 610000, 195000 570000)))                                                                                                                                                                                                                             
A077   77    0  (((235000 570000, 275000 570000, 275000 610000, 235000 610000, 235000 570000)))                                                                                                                                                                                                                             
A078   78    0  (((275000 580000, 315000 580000, 315000 620000, 275000 620000, 275000 580000)))                                                                                                                                                                                                                             
A079   79    0  (((315000 580000, 355000 580000, 355000 620000, 315000 620000, 315000 580000)))                                                                                                                                                                                                                             
A080   80    0  (((355000 580000, 395000 580000, 395000 620000, 355000 620000, 355000 580000)))                                                                                                                                                                                                                             
A081   81    0  (((395000 580000, 435000 580000, 435000 620000, 395000 620000, 395000 580000)))                                                                                                                                                                                                                             
A082   82    0  (((195000 530000, 235000 530000, 235000 570000, 195000 570000, 195000 530000)))                                                                                                                                                                                                                             
A083   83    0  (((235000 530000, 275000 530000, 275000 570000, 235000 570000, 235000 530000)))                                                                                                                                                                                                                             
A084   84    0  (((265000 540000, 305000 540000, 305000 580000, 265000 580000, 265000 540000)))                                                                                                                                                                                                                             
A085   85    0  (((305000 540000, 345000 540000, 345000 580000, 305000 580000, 305000 540000)))                                                                                                                                                                                                                             
A086   86    0  (((345000 540000, 385000 540000, 385000 580000, 345000 580000, 345000 540000)))                                                                                                                                                                                                                             
A087   87    0  (((367000 540000, 407000 540000, 407000 580000, 367000 580000, 367000 540000)))                                                                                                                                                                                                                             
A088   88    0  (((407000 540000, 447000 540000, 447000 580000, 407000 580000, 407000 540000)))                                                                                                                                                                                                                             
A089   89    0  (((290000 500000, 330000 500000, 330000 540000, 290000 540000, 290000 500000)))                                                                                                                                                                                                                             
A090   90    0  (((317000 500000, 357000 500000, 357000 540000, 317000 540000, 317000 500000)))                                                                                                                                                                                                                             
A091   91    0  (((357000 500000, 397000 500000, 397000 540000, 357000 540000, 357000 500000)))                                                                                                                                                                                                                             
A092   92    0  (((380000 500000, 420000 500000, 420000 540000, 380000 540000, 380000 500000)))                                                                                                                                                                                                                             
A093   93    0  (((420000 500000, 460000 500000, 460000 540000, 420000 540000, 420000 500000)))                                                                                                                                                                                                                             
A094   94    0  (((460000 485000, 500000 485000, 500000 525000, 462000 525000, 462000 526000, 460000 526000, 460000 485000)))
A095   95    0  (((213000 465000, 253000 465000, 253000 505000, 213000 505000, 213000 465000)))                                                                                                                                                                                                                             
A096   96    0  (((303000 460000, 343000 460000, 343000 500000, 303000 500000, 303000 460000)))                                                                                                                                                                                                                             
A097   97    0  (((326000 460000, 366000 460000, 366000 500000, 326000 500000, 326000 460000)))                                                                                                                                                                                                                             
A098   98    0  (((366000 460000, 406000 460000, 406000 500000, 366000 500000, 366000 460000)))                                                                                                                                                                                                                             
A099   99    0  (((406000 460000, 446000 460000, 446000 500000, 406000 500000, 406000 460000)))                                                                                                                                                                                                                             
A100  100    0  (((446000 460000, 486000 460000, 486000 500000, 446000 500000, 446000 460000)))                                                                                                                                                                                                                             
A101  101    0  (((486000 460000, 526000 460000, 526000 500000, 486000 500000, 486000 460000)))                                                                                                                                                                                                                             
A102  102    0  (((326000 420000, 366000 420000, 366000 460000, 326000 460000, 326000 420000)))                                                                                                                                                                                                                             
A103  103    0  (((360000 420000, 400000 420000, 400000 460000, 360000 460000, 360000 420000)))                                                                                                                                                                                                                             
A104  104    0  (((400000 420000, 440000 420000, 440000 460000, 400000 460000, 400000 420000)))                                                                                                                                                                                                                             
A105  105    0  (((440000 420000, 480000 420000, 480000 460000, 440000 460000, 440000 420000)))                                                                                                                                                                                                                             
A106  106    0  (((463000 420000, 503000 420000, 503000 460000, 463000 460000, 463000 420000)))                                                                                                                                                                                                                             
A107  107    0  (((500000 420000, 540000 420000, 540000 460000, 500000 460000, 500000 420000)))                                                                                                                                                                                                                             
A108  108    0  (((320000 380000, 360000 380000, 360000 420000, 320000 420000, 320000 380000)),((317000 385000, 321000 385000, 321000 392000, 317000 392000, 317000 385000)))                                                                                                                                                                                                                             
A109  109    0  (((360000 380000, 400000 380000, 400000 420000, 360000 420000, 360000 380000)))                                                                                                                                                                                                                             
A110  110    0  (((400000 380000, 440000 380000, 440000 420000, 400000 420000, 400000 380000)))                                                                                                                                                                                                                             
A111  111    0  (((430000 380000, 470000 380000, 470000 420000, 430000 420000, 430000 380000)))                                                                                                                                                                                                                             
A112  112    0  (((470000 385000, 510000 385000, 510000 425000, 470000 425000, 470000 385000)))                                                                                                                                                                                                                             
A113  113    0  (((510000 386000, 550000 386000, 550000 426000, 510000 426000, 510000 386000)))                                                                                                                                                                                                                             
A114  114    0  (((220000 360000, 260000 360000, 260000 400000, 220000 400000, 220000 360000)),((260000 376000, 266000 376000, 266000 383000, 260000 383000, 260000 376000)))                                                                                                                                                                                                                             
A115  115    0  (((240000 345000, 280000 345000, 280000 385000, 240000 385000, 240000 345000)))                                                                                                                                                                                                                             
A116  116    0  (((280000 345000, 320000 345000, 320000 385000, 313000 385000, 313000 386000, 310000 386000, 310000 385000, 280000 385000, 280000 345000)))                                                                                                                                                                                                                             
A117  117    0  (((320000 340000, 360000 340000, 360000 380000, 320000 380000, 320000 340000)))                                                                                                                                                                                                                             
A118  118    0  (((360000 340000, 400000 340000, 400000 380000, 360000 380000, 360000 340000)))                                                                                                                                                                                                                             
A119  119    0  (((400000 340000, 440000 340000, 440000 380000, 400000 380000, 400000 340000)))                                                                                                                                                                                                                             
A120  120    0  (((440000 350000, 480000 350000, 480000 390000, 440000 390000, 440000 350000)))                                                                                                                                                                                                                             
A121  121    0  (((478000 350000, 518000 350000, 518000 390000, 478000 390000, 478000 350000)))                                                                                                                                                                                                                             
A122  122    0  (((518000 350000, 558000 350000, 558000 390000, 518000 390000, 518000 350000)))                                                                                                                                                                                                                             
A123  123    0  (((210000 320000, 250000 320000, 250000 360000, 210000 360000, 210000 320000)))                                                                                                                                                                                                                             
A124  124    0  (((250000 305000, 290000 305000, 290000 345000, 250000 345000, 250000 305000)))                                                                                                                                                                                                                             
A125  125    0  (((280000 305000, 320000 305000, 320000 345000, 280000 345000, 280000 305000)))                                                                                                                                                                                                                             
A126  126    0  (((320000 300000, 360000 300000, 360000 340000, 320000 340000, 320000 300000)))                                                                                                                                                                                                                             
A127  127    0  (((360000 300000, 400000 300000, 400000 340000, 360000 340000, 360000 300000)))                                                                                                                                                                                                                             
A128  128    0  (((400000 308000, 440000 308000, 440000 348000, 400000 348000, 400000 308000)))                                                                                                                                                                                                                             
A129  129    0  (((440000 310000, 480000 310000, 480000 350000, 440000 350000, 440000 310000)))                                                                                                                                                                                                                             
A130  130    0  (((480000 310000, 520000 310000, 520000 350000, 480000 350000, 480000 310000)))                                                                                                                                                                                                                             
A131  131    0  (((520000 310000, 560000 310000, 560000 350000, 520000 350000, 520000 310000)))                                                                                                                                                                                                                             
A132  132    0  (((560000 310000, 600000 310000, 600000 350000, 560000 350000, 560000 310000)))                                                                                                                                                                                                                             
A133  133    0  (((600000 310000, 640000 310000, 640000 350000, 600000 350000, 600000 310000)))                                                                                                                                                                                                                             
A134  134    0  (((617000 290000, 657000 290000, 657000 330000, 617000 330000, 617000 290000)))                                                                                                                                                                                                                             
A135  135    0  (((250000 265000, 290000 265000, 290000 305000, 250000 305000, 250000 265000)))                                                                                                                                                                                                                             
A136  136    0  (((280000 265000, 320000 265000, 320000 305000, 280000 305000, 280000 265000)))                                                                                                                                                                                                                             
A137  137    0  (((320000 260000, 360000 260000, 360000 300000, 320000 300000, 320000 260000)))                                                                                                                                                                                                                             
A138  138    0  (((345000 260000, 385000 260000, 385000 300000, 345000 300000, 345000 260000)))                                                                                                                                                                                                                             
A139  139    0  (((385000 268000, 425000 268000, 425000 308000, 385000 308000, 385000 268000)))                                                                                                                                                                                                                             
A140  140    0  (((425000 270000, 465000 270000, 465000 310000, 425000 310000, 425000 270000)))                                                                                                                                                                                                                             
A141  141    0  (((465000 270000, 505000 270000, 505000 310000, 465000 310000, 465000 270000)))                                                                                                                                                                                                                             
A142  142    0  (((504000 274000, 544000 274000, 544000 314000, 504000 314000, 504000 274000)))                                                                                                                                                                                                                             
A143  143    0  (((537000 274000, 577000 274000, 577000 314000, 537000 314000, 537000 274000)))                                                                                                                                                                                                                             
A144  144    0  (((577000 270000, 617000 270000, 617000 310000, 577000 310000, 577000 270000)))                                                                                                                                                                                                                             
A145  145    0  (((200000 220000, 240000 220000, 240000 260000, 239000 260000, 239000 261000, 238000 261000, 238000 260000, 200000 260000, 200000 220000)))                                                                                                                                                                                                                             
A146  146    0  (((240000 225000, 280000 225000, 280000 265000, 240000 265000, 240000 225000)))                                                                                                                                                                                                                             
A147  147    0  (((270000 240000, 310000 240000, 310000 280000, 270000 280000, 270000 240000)))                                                                                                                                                                                                                             
A148  148    0  (((310000 240000, 350000 240000, 350000 280000, 310000 280000, 310000 240000)))                                                                                                                                                                                                                             
A149  149    1  (((333000 228000, 373000 228000, 373000 268000, 333000 268000, 333000 228000)))                                                                                                                                                                                                                             
A150  150    1  (((373000 228000, 413000 228000, 413000 268000, 373000 268000, 373000 228000)))                                                                                                                                                                                                                             
A151  151    1  (((413000 230000, 453000 230000, 453000 270000, 413000 270000, 413000 230000)))                                                                                                                                                                                                                             
A152  152    1  (((453000 230000, 493000 230000, 493000 270000, 453000 270000, 453000 230000)))                                                                                                                                                                                                                             
A153  153    0  (((493000 234000, 533000 234000, 533000 274000, 493000 274000, 493000 234000)))                                                                                                                                                                                                                             
A154  154    0  (((533000 234000, 573000 234000, 573000 274000, 533000 274000, 533000 234000)))                                                                                                                                                                                                                             
A155  155    0  (((573000 234000, 613000 234000, 613000 274000, 573000 274000, 573000 234000)))                                                                                                                                                                                                                             
A156  156    0  (((613000 250000, 653000 250000, 653000 282000, 654000 282000, 654000 290000, 643000 290000, 643000 291000, 642000 291000, 642000 290000, 613000 290000, 613000 250000)))                                                                                                                                                                                                                             
A157  157    0  (((165000 201000, 205000 201000, 205000 241000, 202000 241000, 202000 242000, 200000 242000, 200000 241000, 190000 241000, 190000 242000, 188000 242000, 188000 241000, 165000 241000, 165000 201000)), ((158000 208000, 161000 208000, 161000 210000, 158000 210000, 158000 208000)), ((145000 208000, 148000 208000, 148000 210000, 145000 210000, 145000 208000)))                                                                                                                                                                                                                             
A158  158    0  (((189000 190000, 229000 190000, 229000 230000, 189000 230000, 189000 203000, 188000 203000, 188000 195000, 189000 195000, 189000 190000)))                                                                                                                                                                                                                             
A159  159    0  (((229000 185000, 246000 185000, 246000 184000, 248000 184000, 248000 185000, 269000 185000, 269000 225000, 229000 225000, 229000 185000)))                                                                                                                                                                                                                             
A160  160    0  (((269000 205000, 309000 205000, 309000 245000, 269000 245000, 269000 205000)))                                                                                                                                                                                                                             
A161  161    1  (((309000 205000, 349000 205000, 349000 245000, 309000 245000, 309000 205000)))                                                                                                                                                                                                                             
A162  162    1  (((349000 188000, 349000 186900, 351300 186900, 353500 188000, 389000 188000, 389000 228000, 349000 228000, 349000 188000)))                                                                                                                                                                                               
A163  163    1  (((389000 190000, 429000 190000, 429000 230000, 389000 230000, 389000 193600, 388800 193300, 389000 193100, 389000 190000)))                                                                                                                                                                                
A164  164    1  (((429000 190000, 451000 190000, 451100 189700, 452700 189300, 454700 190000, 469000 190000, 469000 230000, 429000 230000, 429000 190000)))                                                                                                                                                                 
A165  165    0  (((460000 195000, 500000 195000, 500000 235000, 460000 235000, 460000 195000)))                                                                                                                                                                                                                             
A166  166    0  (((500000 194000, 540000 194000, 540000 234000, 500000 234000, 500000 194000)))                                                                                                                                                                                                                             
A167  167    0  (((540000 194000, 580000 194000, 580000 234000, 540000 234000, 540000 194000)))                                                                                                                                                                                                                             
A168  168    0  (((580000 194000, 620000 194000, 620000 234000, 580000 234000, 580000 194000)))                                                                                                                                                                                                                             
A169  169    0  (((607000 210000, 647000 210000, 647000 250000, 607000 250000, 607000 210000)))                                                                                                                                                                                                                             
A170  170    0  (((269000 165000, 309000 165000, 309000 205000, 269000 205000, 269000 165000)))                                                                                                                                                                                                                             
A171  171    0  (((309000 165000, 349000 165000, 349000 205000, 309000 205000, 309000 165000)))                                                                                                                                                                                                                             
A172  172    1  (((340000 155000, 364500 155000, 367000 154300, 369000 154300, 370000 155000, 380000 155000, 380000 195000, 340000 195000, 340000 173000, 338500 171600, 338500 170500, 340000 169400, 340000 155000)))                                                                                                     
A173  173    1  (((380000 155000, 420000 155000, 420000 195000, 380000 195000, 380000 155000)))                                                                                                                                                                                                                             
A174  174    0  (((420000 155000, 460000 155000, 460000 195000, 420000 195000, 420000 155000)))                                                                                                                                                                                                                             
A175  175    1  (((460000 155000, 500000 155000, 500000 195000, 460000 195000, 460000 155000)))                                                                                                                                                                                                                             
A176  176    1  (((495000 160000, 535000 160000, 535000 200000, 495000 200000, 495000 160000)))                                                                                                                                                                                                                             
A177  177    1  (((530000 160000, 570000 160000, 570000 200000, 530000 200000, 530000 160000)))                                                                                                                                                                                                                             
A178  178    0  (((565000 155000, 605000 155000, 605000 196000, 603000 196000, 603000 195000, 595000 195000, 595000 196000, 593000 196000, 593000 195000, 565000 195000, 565000 155000)))                                                                                                                                                                                                                             
A179  179    0  (((603000 133000, 643000 133000, 643000 173000, 603000 173000, 603000 133000)))                                                                                                                                                                                                                             
A180  180    0  (((240000 112000, 280000 112000, 280000 152000, 240000 152000, 240000 112000)),((212000 143000, 215000 143000, 215000 149000, 212000 149000, 212000 143000)))                                                                                                                                                                                                                             
A181  181    1  (((280000 112000, 320000 112000, 320000 152000, 280000 152000, 280000 112000)))                                                                                                                                                                                                                             
A182  182    1  (((320000 130000, 360000 130000, 360000 170000, 339600 170000, 339350 170500, 338800 170800, 337000 170000, 320000 170000, 320000 130000)))                                                                                                                                                                                
A183  183    1  (((349000 115000, 389000 115000, 389000 155000, 371000 155000, 370000 155500, 366000 155500, 364000 155000, 349000 155000, 349000 115000)))                                                                                                                                                                 
A184  184    1  (((389000 115000, 429000 115000, 429000 155000, 389000 155000, 389000 115000)))                                                                                                                                                                                                                             
A185  185    0  (((429000 116000, 469000 116000, 469000 156000, 429000 156000, 429000 116000)))                                                                                                                                                                                                                             
A186  186    1  (((465000 125000, 505000 125000, 505000 165000, 465000 165000, 465000 125000)))                                                                                                                                                                                                                             
A187  187    1  (((505000 125000, 545000 125000, 545000 165000, 505000 165000, 505000 125000)))                                                                                                                                                                                                                             
A188  188    1  (((545000 125000, 585000 125000, 585000 165000, 545000 165000, 545000 125000)))                                                                                                                                                                                                                             
A189  189    0  (((585000 115000, 625000 115000, 625000 155000, 585000 155000, 585000 115000)))                                                                                                                                                                                                                             
A190  190    0  (((207000 87000, 247000 87000, 247000 127000, 228000 127000, 228000 128000, 222000 128000, 222000 127000, 207000 127000, 207000 87000)))                                                                                                                                                                                                                                
A191  191    1  (((247000 72000, 287000 72000, 287000 112000, 247000 112000, 247000 72000)))                                                                                                                                                                                                                                
A192  192    0  (((287000 72000, 327000 72000, 327000 112000, 287000 112000, 287000 72000)))                                                                                                                                                                                                                                
A193  193    1  (((310000 90000, 323000 90000, 323500 89500, 325000 89500, 328000 89000, 330000 89500, 331000 89500, 331600 90000, 346000 90000, 348600 88500, 349300 88500, 350000 89000, 350000 130000, 310000 130000, 310000 90000)))                                                                                    
A194  194    0  (((349000 75000, 389000 75000, 389000 115000, 349000 115000, 349000 75000)),((366000 68000, 371000 68000, 371000 75000, 366000 75000, 366000 68000)))                                                                                                                                                                                                                                  
A195  195    1  (((389000 75000, 429000 75000, 429000 84000, 429400 85000, 429000 86000, 429000 115000, 389000 115000, 389000 75000)))                                                                                                                                                                                      
A196  196    1  (((429000 76000, 447300 76000, 449700 74800, 451000 74800, 455300 76000, 469000 76000, 469000 116000, 429000 116000, 429000 86000, 428300 85000, 429000 84000, 429000 76000)))                                                                                                                              
A197  197    0  (((469000 90000, 509000 90000, 509000 130000, 469000 130000, 469000 90000)))                                                                                                                                                                                                                                
A198  198    1  (((509000 97000, 549000 97000, 549000 137000, 509000 137000, 509000 97000)))                                                                                                                                                                                                                                
A199  199    0  (((549000 94000, 589000 94000, 589000 134000, 549000 134000, 549000 94000)))                                                                                                                                                                                                                                
A200  200    0  (((175000 50000, 209000 50000, 209000 49000, 211000 49000, 211000 50000, 215000 50000, 215000 90000, 175000 90000, 175000 50000)))                                                                                                                                                                                                                                  
A201  201    0  (((215000 47000, 251500 47000, 254000 45500, 255000 45500, 255000 87000, 215000 87000, 215000 47000)),((238000 32000, 240000 32000, 240000 34000, 238000 34000, 238000 32000)))                                                                                                                                                                                                                                  
A202  202    1  (((255000 32000, 295000 32000, 295000 72000, 295000 62350, 296000 63000, 296000 64000, 295000 64500, 295000 72000, 294800 72000, 293800 72800, 289700 72700, 287000 72000, 255000 72000, 255000 32000)))                                                                                                    
A203  203    1  (((132000 11000, 172000 11000, 172000 51000, 132000 51000, 132000 11000)), ((80000 5000, 96000 5000, 96000 18250, 86150 18250, 80000 9200, 80000 5000)), ((169000 50000, 176000 50000, 176000 55000, 169000 55000, 169000 50000)), ((126000 11000, 128000 11000, 128000 13000, 126000 13000, 126000 11000))) 
A204  204    1  (((172000 14000, 212000 14000, 212000 50000, 214000 50000, 214000 53000, 212000 53000, 212000 54000, 177000 54000, 176000 55000, 175000 55000, 173600 54000, 172000 54000, 172000 14000)))                                                                                                                                                                          
