inset_area_range 1 220
sheet_area_range 1800 1830
C001    1  1  (((430000 1175000, 451300 1175000, 451750 1174625, 452000 1174500, 453000 1174250, 453500 1174300, 454000 1174600, 454300 1175000, 470000 1175000, 470000 1220000, 462400 1220000, 461500 1220500, 461200 1220500, 460600 1220000, 430000 1220000, 430000 1175000)))
C002    2  1  (((410000 1145000, 430950 1145000, 430950 1144950, 431075 1144875, 431200 1145000, 431400 1145000, 431500 1144825, 431625 1144825, 431725 1144800, 431900 1145000, 450000 1145000, 450000 1153000, 450300 1153500, 450750 1154000, 450500 1154500, 450000 1154600, 450000 1190000, 410000 1190000, 410000 1165900, 409600 1165500, 409375 1165000, 409325 1164750, 409575 1164550, 410000 1164200, 410000 1145000)))
C003    3  1  (((430000 1130000, 470000 1130000, 470000 1171100, 470400 1171200, 470825 1171450, 470850 1171800, 470500 1172300, 470000 1172400, 470000 1175000, 453400 1175000, 453100 1175300, 452900 1175450, 452700 1175450, 452200 1175300, 452000 1175000, 430000 1175000, 430000 1174000, 429250 1173700, 429100 1173000, 429525 1172000, 429550 1171000, 429400 1170700, 429500 1170450, 430000 1170200, 430000 1130000)))
C004    4  1  (((420000 1105000, 460000 1105000, 460000 1150000, 420000 1150000, 420000 1105000)),((392000 1135000, 400000 1135000, 400000 1143000, 392000 1143000, 392000 1135000)),((417000 1068000, 425000 1068000, 425000 1076000, 417000 1076000, 417000 1068000))) 
C005    5  1  (((339000 1015000, 347800 1015000, 348200 1014650, 348700 1014650, 348720 1014900, 349100 1015000, 351700 1015000, 351900 1014700, 352200 1014500, 353200 1014800, 353600 1015000, 379000 1015000, 379000 1042950, 379100 1043000, 379350 1044000, 379400 1044350, 379000 1044800, 379000 1060000, 339000 1060000, 339000 1050400, 338700 1050200, 338800 1049800, 339000 1049400, 339000 1015000)))
C006    6  1  (((321000 995000, 361000 995000, 361000 1000000, 362375 1001800, 362375 1002900, 361500 1003200, 361000 1004000, 361000 1040000, 359300 1040000, 359000 1040450, 358000 1041000, 357100 1041160, 356900 1041160, 356000 1041000, 354700 1040000, 346000 1040000, 345000 1040800, 344600 1040830, 344400 1040830, 343750 1040600, 342850 1040000, 321000 1040000, 321000 995000)),((261000 1023000,264000 1023000,264000 1025000,261000 1025000,261000 1023000)),((255000 1017000,258000 1017000,258000 1019000,255000 1019000,255000 1017000)))
C007    7  1  (((310000 961000, 350000 961000, 350000 994400, 350330 995000, 350660 996000, 351100 996780, 350500 997000, 350000 997400, 350000 1006000, 310000 1006000, 310000 970400, 309850 970370, 309800 970000, 309820 969700, 310000 969100, 310000 961000)))
C008    8  1  (((118000 925000, 158000 925000, 158000 970000, 118000 970000, 118000 945200, 117000 944700, 116100 943300, 116500 942000, 116600 941000, 116800 940000, 117300 939000, 118000 937850, 118000 925000)),((159000 1028000, 164000 1028000, 164000 1033000, 159000 1033000, 159000 1028000)),((179000 1030000, 184000 1030000, 184000 1035000, 179000 1035000, 179000 1030000)))      
C009    9  1  (((210000 935000, 250000 935000, 250000 980000, 210000 980000, 210000 935000)))                                                                                                                                                                              
C010   10  1  (((250000 935000, 290000 935000, 290000 980000, 250000 980000, 250000 935000)))                                                                                                                                                                              
C011   11  1  (((290000 935000, 330000 935000, 330000 980000, 290000 980000, 290000 935000)))                                                                                                                                                                              
C012   12  1  (((90000 900000, 130000 900000, 130000 945000, 90000 945000, 90000 900000)),((67000 944000, 76000 944000, 76000 948000, 67000 948000, 67000 944000)),((86000 910000, 90000 910000, 90000 913000, 86000 913000, 86000 910000)))                             
C013   13  1  (((195000 900000, 235000 900000, 235000 945000, 195000 945000, 195000 910300, 194800 910000, 194700 909500, 194700 909300, 194800 909000, 195000 908850, 195000 900000)))
C014   14  1  (((235000 900000, 275000 900000, 275000 945000, 235000 945000, 235000 900000)))                                                                                                                                                                              
C015   15  1  (((265000 900000, 305000 900000, 305000 945000, 265000 945000, 265000 900000)))                                                                                                                                                                              
C016   16  1  (((300000 916000, 340000 916000, 340000 961000, 300000 961000, 300000 916000)))                                                                                                                                                                              
C017   17  1  (((65000 858000, 105000 858000, 105000 903000, 104800 903000, 104500 903700, 104000 903920, 103000 903915, 102500 903900, 102000 903800, 101500 903600, 101000 903000, 65000 903000, 65000 868300, 64000 867600, 63800 867400, 63800 866800, 64800 866200, 65000 865800, 65000 858000)),((5000 896000, 17000 896000, 17000 907000, 5000 907000, 5000 896000)),((59000 880000, 64000 880000, 64000 884000, 59000 884000, 59000 880000)))
C018   18  1  (((105000 880000, 145000 880000, 145000 925000, 105000 925000, 105000 880000)))                                                                                                                                                                              
C019   19  0  (((170000 865000, 210000 865000, 210000 910000, 170000 910000, 170000 865000)))                                                                                                                                                                              
C020   20  0  (((195000 865000, 235000 865000, 235000 910000, 195000 910000, 195000 865000)))                                                                                                                                                                              
C021   21  0  (((235000 865000, 275000 865000, 275000 910000, 235000 910000, 235000 865000)))                                                                                                                                                                              
C022   22  0  (((260000 865000, 300000 865000, 300000 910000, 260000 910000, 260000 865000)))                                                                                                                                                                              
C023   23  0  (((55000 820000, 95000 820000, 95000 865000, 55000 865000, 55000 820000)))                                                                                                                                                                                   
C024   24  0  (((113000 835000, 153000 835000, 153000 880000, 113000 880000, 113000 835000)))                                                                                                                                                                              
C025   25  0  (((140000 820000, 180000 820000, 180000 865000, 140000 865000, 140000 820000)))                                                                                                                                                                              
C026   26  0  (((175000 820000, 215000 820000, 215000 865000, 175000 865000, 175000 820000)))                                                                                                                                                                              
C027   27  0  (((215000 820000, 255000 820000, 255000 865000, 215000 865000, 215000 820000)))                                                                                                                                                                              
C028   28  0  (((255000 820000, 295000 820000, 295000 865000, 255000 865000, 255000 820000)))                                                                                                                                                                              
C029   29  0  (((295000 830000, 335000 830000, 335000 875000, 295000 875000, 295000 830000)))                                                                                                                                                                              
C030   30  0  (((335000 830000, 375000 830000, 375000 875000, 335000 875000, 335000 830000)))                                                                                                                                                                              
C031   31  0  (((375000 830000, 415000 830000, 415000 875000, 375000 875000, 375000 830000)))                                                                                                                                                                              
C032   32  0  (((50000 775000, 90000 775000, 90000 820000, 50000 820000, 50000 775000)))                                                                                                                                                                                   
C033   33  0  (((113000 790000, 153000 790000, 153000 835000, 113000 835000, 113000 790000)))                                                                                                                                                                              
C034   34  0  (((135000 775000, 175000 775000, 175000 820000, 135000 820000, 135000 775000)))                                                                                                                                                                              
C035   35  0  (((175000 775000, 215000 775000, 215000 820000, 175000 820000, 175000 775000)))                                                                                                                                                                              
C036   36  0  (((215000 775000, 255000 775000, 255000 820000, 215000 820000, 215000 775000)))                                                                                                                                                                              
C037   37  0  (((255000 775000, 295000 775000, 295000 820000, 255000 820000, 255000 775000)))                                                                                                                                                                              
C038   38  0  (((295000 790000, 335000 790000, 335000 835000, 295000 835000, 295000 790000)))                                                                                                                                                                              
C039   39  0  (((325000 790000, 365000 790000, 365000 835000, 325000 835000, 325000 790000)))                                                                                                                                                                              
C040   40  0  (((365000 790000, 405000 790000, 405000 835000, 365000 835000, 365000 790000)))                                                                                                                                                                              
C041   41  0  (((295000 770000, 335000 770000, 335000 815000, 295000 815000, 295000 770000)))                                                                                                                                                                              
C042   42  0  (((325000 770000, 365000 770000, 365000 815000, 325000 815000, 325000 770000)))                                                                                                                                                                              
C043   43  0  (((355000 750000, 395000 750000, 395000 795000, 355000 795000, 355000 750000)))                                                                                                                                                                              
C044   44  0  (((93000 730000, 133000 730000, 133000 775000, 93000 775000, 93000 730000)))                                                                                                                                                                                 
C045   45  0  (((133000 730000, 173000 730000, 173000 775000, 133000 775000, 133000 730000)))                                                                                                                                                                              
C046   46  0  (((173000 730000, 213000 730000, 213000 775000, 173000 775000, 173000 730000)))                                                                                                                                                                              
C047   47  0  (((213000 730000, 253000 730000, 253000 775000, 213000 775000, 213000 730000)))                                                                                                                                                                              
C048   48  0  (((253000 730000, 293000 730000, 293000 775000, 253000 775000, 253000 730000)))                                                                                                                                                                              
C049   49  0  (((293000 730000, 333000 730000, 333000 775000, 293000 775000, 293000 730000)))                                                                                                                                                                              
C050   50  0  (((333000 725000, 373000 725000, 373000 770000, 333000 770000, 333000 725000)))                                                                                                                                                                              
C051   51  0  (((125000 685000, 165000 685000, 165000 730000, 125000 730000, 125000 685000)))                                                                                                                                                                              
C052   52  0  (((165000 685000, 205000 685000, 205000 730000, 165000 730000, 165000 685000)))                                                                                                                                                                              
C053   53  0  (((205000 685000, 245000 685000, 245000 730000, 205000 730000, 205000 685000)))                                                                                                                                                                              
C054   54  0  (((245000 685000, 285000 685000, 285000 730000, 245000 730000, 245000 685000)))                                                                                                                                                                              
C055   55  0  (((285000 685000, 325000 685000, 325000 730000, 285000 730000, 285000 685000)))                                                                                                                                                                              
C056   56  0  (((325000 685000, 365000 685000, 365000 730000, 325000 730000, 325000 685000)))                                                                                                                                                                              
C057   57  0  (((115000 640000, 155000 640000, 155000 685000, 115000 685000, 115000 640000)))                                                                                                                                                                              
C058   58  0  (((155000 640000, 195000 640000, 195000 685000, 155000 685000, 155000 640000)))                                                                                                                                                                              
C059   59  0  (((195000 640000, 235000 640000, 235000 685000, 195000 685000, 195000 640000)))                                                                                                                                                                              
C060   60  0  (((230000 640000, 270000 640000, 270000 685000, 230000 685000, 230000 640000)))                                                                                                                                                                              
C061   61  0  (((270000 640000, 310000 640000, 310000 685000, 270000 685000, 270000 640000)))                                                                                                                                                                              
C062   62  0  (((310000 640000, 350000 640000, 350000 685000, 310000 685000, 310000 640000)))                                                                                                                                                                              
C063   63  0  (((350000 640000, 390000 640000, 390000 685000, 350000 685000, 350000 640000)))                                                                                                                                                                              
C064   64  0  (((375000 630000, 415000 630000, 415000 675000, 375000 675000, 375000 630000)))                                                                                                                                                                              
C065   65  0  (((155000 600000, 195000 600000, 195000 645000, 155000 645000, 155000 600000)))                                                                                                                                                                              
C066   66  0  (((180000 615000, 220000 615000, 220000 660000, 180000 660000, 180000 615000)))                                                                                                                                                                              
C067   67  0  (((230000 595000, 270000 595000, 270000 640000, 230000 640000, 230000 595000)))                                                                                                                                                                              
C068   68  0  (((270000 595000, 310000 595000, 310000 640000, 270000 640000, 270000 595000)))                                                                                                                                                                              
C069   69  0  (((310000 595000, 350000 595000, 350000 640000, 310000 640000, 310000 595000)))                                                                                                                                                                              
C070   70  0  (((350000 595000, 390000 595000, 390000 640000, 350000 640000, 350000 595000)))                                                                                                                                                                              
C071   71  0  (((390000 595000, 430000 595000, 430000 640000, 390000 640000, 390000 595000)))                                                                                                                                                                              
C072   72  0  (((195000 575000, 235000 575000, 235000 620000, 195000 620000, 195000 575000)))                                                                                                                                                                              
C073   73  0  (((230000 550000, 270000 550000, 270000 595000, 230000 595000, 230000 550000)))                                                                                                                                                                              
C074   74  0  (((270000 550000, 310000 550000, 310000 595000, 270000 595000, 270000 550000)))                                                                                                                                                                              
C075   75  0  (((293000 550000, 333000 550000, 333000 595000, 293000 595000, 293000 550000)))                                                                                                                                                                              
C076   76  0  (((333000 550000, 373000 550000, 373000 595000, 333000 595000, 333000 550000)))                                                                                                                                                                              
C077   77  0  (((373000 550000, 413000 550000, 413000 595000, 373000 595000, 373000 550000)))                                                                                                                                                                              
C078   78  0  (((403000 550000, 443000 550000, 443000 595000, 403000 595000, 403000 550000)))                                                                                                                                                                              
C079   79  0  (((195000 530000, 235000 530000, 235000 575000, 195000 575000, 195000 530000)))                                                                                                                                                                              
C080   80  0  (((230000 530000, 270000 530000, 270000 575000, 230000 575000, 230000 530000)))                                                                                                                                                                              
C081   81  0  (((270000 530000, 310000 530000, 310000 575000, 270000 575000, 270000 530000)))                                                                                                                                                                              
C082   82  0  (((293000 505000, 333000 505000, 333000 550000, 293000 550000, 293000 505000)))                                                                                                                                                                              
C083   83  0  (((333000 505000, 373000 505000, 373000 550000, 333000 550000, 333000 505000)))                                                                                                                                                                              
C084   84  0  (((373000 505000, 413000 505000, 413000 550000, 373000 550000, 373000 505000)))                                                                                                                                                                              
C085   85  0  (((413000 505000, 453000 505000, 453000 550000, 413000 550000, 413000 505000)))                                                                                                                                                                              
C086   86  0  (((453000 485000, 493000 485000, 493000 530000, 453000 530000, 453000 485000)))                                                                                                                                                                              
C087   87  0  (((212000 462000, 252000 462000, 252000 507000, 212000 507000, 212000 462000)))                                                                                                                                                                              
C088   88  0  (((300000 460000, 340000 460000, 340000 505000, 300000 505000, 300000 460000)))                                                                                                                                                                              
C089   89  0  (((330000 460000, 370000 460000, 370000 505000, 330000 505000, 330000 460000)))                                                                                                                                                                              
C090   90  0  (((370000 460000, 410000 460000, 410000 505000, 370000 505000, 370000 460000)))                                                                                                                                                                              
C091   91  0  (((410000 460000, 450000 460000, 450000 505000, 410000 505000, 410000 460000)))                                                                                                                                                                              
C092   92  0  (((450000 460000, 490000 460000, 490000 505000, 450000 505000, 450000 460000)))                                                                                                                                                                              
C093   93  0  (((487000 465000, 527000 465000, 527000 510000, 487000 510000, 487000 465000)))                                                                                                                                                                              
C094   94  0  (((330000 420000, 370000 420000, 370000 465000, 330000 465000, 330000 420000)))                                                                                                                                                                              
C095   95  0  (((360000 415000, 400000 415000, 400000 460000, 360000 460000, 360000 415000)))                                                                                                                                                                              
C096   96  0  (((400000 415000, 440000 415000, 440000 460000, 400000 460000, 400000 415000)))                                                                                                                                                                              
C097   97  0  (((440000 420000, 480000 420000, 480000 465000, 440000 465000, 440000 420000)))                                                                                                                                                                              
C098   98  0  (((460000 420000, 500000 420000, 500000 465000, 460000 465000, 460000 420000)))                                                                                                                                                                              
C099   99  0  (((500000 420000, 540000 420000, 540000 465000, 500000 465000, 500000 420000)))                                                                                                                                                                              
C100  100  0  (((320000 375000, 360000 375000, 360000 420000, 320000 420000, 320000 375000)))                                                                                                                                                                              
C101  101  0  (((360000 375000, 400000 375000, 400000 420000, 360000 420000, 360000 375000)))                                                                                                                                                                              
C102  102  0  (((400000 385000, 440000 385000, 440000 430000, 400000 430000, 400000 385000)))                                                                                                                                                                              
C103  103  0  (((435000 375000, 475000 375000, 475000 420000, 435000 420000, 435000 375000)))                                                                                                                                                                              
C104  104  0  (((475000 375000, 515000 375000, 515000 420000, 475000 420000, 475000 375000)))                                                                                                                                                                              
C105  105  0  (((515000 375000, 555000 375000, 555000 420000, 515000 420000, 515000 375000)))                                                                                                                                                                              
C106  106  0  (((221000 353000, 261000 353000, 261000 398000, 221000 398000, 221000 353000)),((261000 361000, 266000 361000, 266000 383000, 261000 383000, 261000 361000)))                                                                                                
C107  107  0  (((248000 340000, 288000 340000, 288000 385000, 248000 385000, 248000 340000)))                                                                                                                                                                              
C108  108  0  (((288000 340000, 328000 340000, 328000 385000, 288000 385000, 288000 340000)))                                                                                                                                                                              
C109  109  0  (((320000 345000, 360000 345000, 360000 390000, 320000 390000, 320000 345000)))                                                                                                                                                                              
C110  110  0  (((360000 330000, 400000 330000, 400000 375000, 360000 375000, 360000 330000)))                                                                                                                                                                              
C111  111  0  (((400000 345000, 440000 345000, 440000 390000, 400000 390000, 400000 345000)))                                                                                                                                                                              
C112  112  0  (((440000 330000, 480000 330000, 480000 375000, 440000 375000, 440000 330000)))                                                                                                                                                                              
C113  113  0  (((480000 330000, 520000 330000, 520000 375000, 480000 375000, 480000 330000)))                                                                                                                                                                              
C114  114  0  (((520000 330000, 560000 330000, 560000 375000, 520000 375000, 520000 330000)))                                                                                                                                                                              
C115  115  0  (((210000 320000, 250000 320000, 250000 365000, 210000 365000, 210000 320000)))                                                                                                                                                                              
C116  116  0  (((248000 308000, 288000 308000, 288000 353000, 248000 353000, 248000 308000)))                                                                                                                                                                              
C117  117  0  (((288000 300000, 328000 300000, 328000 345000, 288000 345000, 288000 300000)))                                                                                                                                                                              
C118  118  0  (((328000 300000, 368000 300000, 368000 345000, 328000 345000, 328000 300000)))                                                                                                                                                                              
C119  119  0  (((360000 300000, 400000 300000, 400000 345000, 360000 345000, 360000 300000)))                                                                                                                                                                              
C120  120  0  (((400000 300000, 440000 300000, 440000 345000, 400000 345000, 400000 300000)))                                                                                                                                                                              
C121  121  0  (((428000 300000, 468000 300000, 468000 345000, 428000 345000, 428000 300000)))                                                                                                                                                                              
C122  122  0  (((455000 300000, 495000 300000, 495000 345000, 455000 345000, 455000 300000)))                                                                                                                                                                              
C123  123  0  (((495000 300000, 535000 300000, 535000 345000, 495000 345000, 495000 300000)))                                                                                                                                                                              
C124  124  0  (((535000 300000, 575000 300000, 575000 345000, 535000 345000, 535000 300000)))                                                                                                                                                                              
C125  125  0  (((575000 302000, 615000 302000, 615000 347000, 575000 347000, 575000 302000)))                                                                                                                                                                              
C126  126  0  (((615000 302000, 655000 302000, 655000 347000, 615000 347000, 615000 302000)))                                                                                                                                                                              
C127  127  0  (((248000 263000, 288000 263000, 288000 308000, 248000 308000, 248000 263000)))                                                                                                                                                                              
C128  128  0  (((288000 255000, 328000 255000, 328000 300000, 288000 300000, 288000 255000)))                                                                                                                                                                              
C129  129  0  (((328000 255000, 368000 255000, 368000 300000, 328000 300000, 328000 255000)))                                                                                                                                                                              
C130  130  0  (((360000 255000, 400000 255000, 400000 300000, 360000 300000, 360000 255000)))                                                                                                                                                                              
C131  131  0  (((388000 255000, 428000 255000, 428000 300000, 388000 300000, 388000 255000)))                                                                                                                                                                              
C132  132  0  (((428000 255000, 468000 255000, 468000 300000, 428000 300000, 428000 255000)))                                                                                                                                                                              
C133  133  0  (((455000 255000, 495000 255000, 495000 300000, 455000 300000, 455000 255000)))                                                                                                                                                                              
C134  134  0  (((495000 255000, 535000 255000, 535000 300000, 495000 300000, 495000 255000)))                                                                                                                                                                              
C135  135  0  (((535000 255000, 575000 255000, 575000 300000, 535000 300000, 535000 255000)))                                                                                                                                                                              
C136  136  0  (((575000 257000, 615000 257000, 615000 302000, 575000 302000, 575000 257000)))                                                                                                                                                                              
C137  137  0  (((615000 257000, 655000 257000, 655000 292000, 656000 292000, 656000 297000, 655000 297000, 655000 302000, 615000 302000, 615000 257000)))                                                                                                
C138  138  0  (((168000 205000, 208000 205000, 208000 250000, 168000 250000, 168000 229000, 165000 229000, 165000 222000, 168000 222000, 168000 205000)))                                                                                                
C139  139  0  (((208000 218000, 248000 218000, 248000 264300, 247800 264300, 247600 264000, 247000 263800, 246200 263740, 245350 263250, 245350 263000, 208000 263000, 208000 218000)))                                                                                                                                                                              
C140  140  0  (((248000 218000, 288000 218000, 288000 263000, 248000 263000, 248000 218000)))                                                                                                                                                                              
C141  141  0  (((288000 210000, 328000 210000, 328000 255000, 288000 255000, 288000 210000)))                                                                                                                                                                              
C142  142  0  (((328000 210000, 368000 210000, 368000 255000, 328000 255000, 328000 210000)))                                                                                                                                                                              
C143  143  0  (((360000 210000, 400000 210000, 400000 255000, 360000 255000, 360000 210000)))                                                                                                                                                                              
C144  144  0  (((388000 210000, 428000 210000, 428000 255000, 388000 255000, 388000 210000)))                                                                                                                                                                              
C145  145  0  (((428000 210000, 468000 210000, 468000 255000, 428000 255000, 428000 210000)))                                                                                                                                                                              
C146  146  0  (((455000 210000, 495000 210000, 495000 255000, 455000 255000, 455000 210000)))                                                                                                                                                                              
C147  147  0  (((495000 210000, 535000 210000, 535000 255000, 495000 255000, 495000 210000)))                                                                                                                                                                              
C148  148  0  (((535000 210000, 575000 210000, 575000 255000, 535000 255000, 535000 210000)))                                                                                                                                                                              
C149  149  0  (((570000 212000, 610000 212000, 610000 257000, 570000 257000, 570000 212000)))                                                                                                                                                                              
C150  150  0  (((610000 212000, 650000 212000, 650000 257000, 610000 257000, 610000 212000)))                                                                                                                                                                              
C151  151  0  (((168000 190000, 208000 190000, 208000 235000, 168000 235000, 168000 229000, 165000 229000, 165000 222000, 168000 222000, 168000 190000)),((146000 206000, 161000 206000, 161000 210000, 146000 210000, 146000 206000)))
C152  152  0  (((208000 180000, 248000 180000, 248000 225000, 208000 225000, 208000 180000)))                                                                                                                                                                              
C153  153  0  (((248000 173000, 288000 173000, 288000 218000, 248000 218000, 248000 173000)))                                                                                                                                                                              
C154  154  0  (((288000 165000, 328000 165000, 328000 210000, 288000 210000, 288000 165000)))                                                                                                                                                                              
C155  155  0  (((328000 165000, 368000 165000, 368000 210000, 328000 210000, 328000 165000)))                                                                                                                                                                              
C156  156  0  (((353000 165000, 393000 165000, 393000 210000, 353000 210000, 353000 165000)))                                                                                                                                                                              
C157  157  0  (((388000 165000, 428000 165000, 428000 210000, 388000 210000, 388000 165000)))                                                                                                                                                                              
C158  158  0  (((428000 165000, 468000 165000, 468000 210000, 428000 210000, 428000 165000)))                                                                                                                                                                              
C159  159  0  (((463000 173000, 503000 173000, 503000 218000, 463000 218000, 463000 173000)))                                                                                                                                                                              
C160  160  0  (((495000 180000, 535000 180000, 535000 225000, 495000 225000, 495000 180000)))                                                                                                                                                                              
C161  161  0  (((535000 170000, 575000 170000, 575000 215000, 535000 215000, 535000 170000)))                                                                                                                                                                              
C162  162  0  (((570000 180000, 610000 180000, 610000 225000, 570000 225000, 570000 180000)))                                                                                                                                                                              
C163  163  0  (((240000 110000, 280000 110000, 280000 155000, 240000 155000, 240000 110000)),((212000 143000, 216000 143000, 216000 149000, 212000 149000, 212000 143000)))                                                                                                
C164  164  0  (((280000 110000, 320000 110000, 320000 155000, 280000 155000, 280000 110000)))                                                                                                                                                                              
C165  165  0  (((320000 130000, 360000 130000, 360000 175000, 320000 175000, 320000 130000)))                                                                                                                                                                              
C166  166  0  (((353000 120000, 393000 120000, 393000 165000, 353000 165000, 353000 120000)))                                                                                                                                                                              
C167  167  0  (((388000 120000, 428000 120000, 428000 165000, 388000 165000, 388000 120000)))                                                                                                                                                                              
C168  168  0  (((428000 120000, 468000 120000, 468000 165000, 428000 165000, 428000 120000)))                                                                                                                                                                              
C169  169  0  (((463000 128000, 503000 128000, 503000 173000, 463000 173000, 463000 128000)))                                                                                                                                                                              
C170  170  0  (((495000 135000, 535000 135000, 535000 180000, 495000 180000, 495000 135000)))                                                                                                                                                                              
C171  171  0  (((535000 135000, 575000 135000, 575000 180000, 535000 180000, 535000 135000)))                                                                                                                                                                              
C172  172  0  (((570000 135000, 610000 135000, 610000 180000, 570000 180000, 570000 135000)))                                                                                                                                                                              
C173  173  0  (((602000 128000, 642000 128000, 642000 173000, 602000 173000, 602000 128000)))                                                                                                                                                                              
C174  174  0  (((200000 80000, 240000 80000, 240000 125000, 200000 125000, 200000 80000)))                                                                                                                                                                                 
C175  175  0  (((240000 70000, 280000 70000, 280000 115000, 240000 115000, 240000 70000)))                                                                                                                                                                                 
C176  176  0  (((280000 70000, 320000 70000, 320000 115000, 280000 115000, 280000 70000)))                                                                                                                                                                                 
C177  177  0  (((320000 85000, 360000 85000, 360000 130000, 320000 130000, 320000 85000)))                                                                                                                                                                                 
C178  178  1  (((353000 75000, 366300 75000, 368200 74100, 369500 74100, 370000 74200, 370300 74300, 370800 74700, 370900 75000, 393000 75000, 393000 120000, 353000 120000, 353000 75000)),((367000 68300, 367400 68300, 367500 68150, 369250 68150, 369250 68300, 371000 68300, 371000 74750, 369150 74750, 369060 74900, 368840 74900, 368800 74750, 367000 74750, 367000 68300)))
C179  179  0  (((388000 75000, 428000 75000, 428000 120000, 388000 120000, 388000 75000)))                                                                                                                                                                                 
C180  180  0  (((428000 75000, 468000 75000, 468000 120000, 428000 120000, 428000 75000)))                                                                                                                                                                                 
C181  181  0  (((463000 90000, 503000 90000, 503000 135000, 463000 135000, 463000 102000, 462000 102000, 462000 98500, 463000 98500, 463000 90000)))                                                                                                      
C182  182  0  (((495000 99000, 496000 99000, 499500 100000, 535000 100000, 535000 145000, 495000 145000, 495000 99000)))
C183  183  0  (((535000 93000, 575000 93000, 575000 138000, 535000 138000, 535000 93000)))                                                                                                                                                                                 
C184  184  0  (((570000 105000, 610000 105000, 610000 150000, 570000 150000, 570000 105000)))                                                                                                                                                                              
C185  185  0  (((170000 50000, 210000 50000, 210000 95000, 170000 95000, 170000 50000)))                                                                                                                                                                                   
C186  186  0  (((200000 45000, 240000 45000, 240000 90000, 200000 90000, 200000 45000)))                                                                                                                                                                                   
C187  187  0  (((240000 35000, 280000 35000, 280000 80000, 240000 80000, 240000 35000)))                                                                                                                                                                                   
C188  188  0  (((260000 35000, 300000 35000, 300000 80000, 260000 80000, 260000 35000)))                                                                                                                                                                                   
C189  189  1  (((131000 10000, 171000 10000, 171000 55000, 131000 55000, 131000 10000)),((80000 5000, 97000 5000, 97000 18500, 85600 18500, 80000 10000, 80000 5000)))                                                                                                                  
C190  190  0  (((170000 10000, 210000 10000, 210000 55000, 170000 55000, 170000 10000)))                                                                                                                                                                                   
